x
0.935832622221743
0.885553932077515
0.671670357019129
0.199508477494429
0.704120125066457
1.33740146431144
0.637333488481355
2.21537578127452
0.878883649205553
1.28292141413564
-0.217528250886728
0.406672330005859
1.26158484372727
0.318156798631392
1.25008260189274
0.411295545916807
1.12758009213087
-1.35505365841663
1.62997282460669
-0.314879916243706
1.85359922781837
-1.78659946753658
1.19418927169135
0.108917236619035
0.194450475154851
-1.29934048394156
-0.575307011588288
0.327930855061445
-1.84641110199292
-0.0961694258900787
0.322086148902668
-0.248793051812474
0.351046940747733
-1.48016150932252
1.32415824275739
0.832652374079524
0.0120574849009648
0.707324828595755
0.256312892656375
-0.387107148649032
0.268274223156886
-1.59997822045837
0.561401848553959
-0.0157357768711642
-0.0149477925685374
-0.180834009756252
1.00337393667473
-0.541377255251674
0.421094054722362
-1.22837307939861
-0.107869843917398
-0.747131150002754
1.19165837307606
1.29785833369744
0.156737771701925
-1.06045100104056
-0.950980806005929
-0.864166595930967
0.963772016966702
0.733001005967796
-0.496928145211499
-1.04529289733259
-0.159828905349265
-0.689850271160054
2.41032801337454
2.3119359574944
0.345732271442409
-0.433480598405536
0.626448113176416
0.924794742028069
1.58307263901799
2.89291312241775
0.215195329471268
3.23967591580469
0.868964040741742
-0.179124285772558
-1.30814378869158
2.59384205417884
1.13567294817547
0.542126407765529
1.08740652836086
1.33927152000388
1.88778834560829
1.9262873830508
3.10524768998376
1.76379257445485
1.92750405307352
0.938898042438415
-0.699434927984383
0.502415934905281
-0.195054762875681
0.623654487643922
0.96185724005678
1.14275646590144
0.325341889264138
1.55686405096091
2.03222021503742
1.16493788087386
0.744747276182044
-0.0031531159854874
1.77689730740967
0.861898820738019
-0.0465406549755645
-0.470379243001789
0.3601851994444
2.47268636736327
0.296507303147053
2.64048835316877
1.09190757708648
-1.43957681574055
-0.203829549780837
0.770026772585938
1.89466542792915
1.68925121333643
0.00100391369474451
0.626937596087583
0.196727061767262
1.33789308001715
-0.80866820035866
0.876731868319825
