"x" "mean" "lwr1" "lwr2" "upr1" "upr2"
-1.101512319495 0.459599848928815 0.439771826658775 0.400919128250976 0.47851530722907 0.509028023244131
-1.08913161750557 0.460199051813041 0.440525222627928 0.402010525156293 0.478932225690834 0.509178565989984
-1.07675091551614 0.460794536627139 0.441294485528466 0.403055214974037 0.479322661990497 0.509332043046274
-1.06437021352671 0.461385371841055 0.442081769147005 0.404112808039527 0.479743485644697 0.509495546312814
-1.05198951153727 0.461996215134687 0.442836047103308 0.405132415416347 0.480166015170921 0.509637677236962
-1.03960880954784 0.462584746989609 0.44362069342989 0.406181535261054 0.480598101836589 0.509842983023168
-1.02722810755841 0.463179403627135 0.444356300293075 0.407273617686754 0.481007069483527 0.510088013669343
-1.01484740556898 0.463762871644617 0.445133538840318 0.40832146620047 0.481444706142764 0.510241438557703
-1.00246670357955 0.464368108204307 0.445909200777316 0.409426878030155 0.48187342999531 0.510433650631559
-0.990086001590117 0.464967818454588 0.446649271363846 0.410438596377734 0.482284653618702 0.510619091861154
-0.977705299600686 0.465572030266536 0.447426372629552 0.411514160546156 0.482675245621366 0.51084337980298
-0.965324597611254 0.466159589975126 0.448186533925379 0.412595433220766 0.483115556749705 0.511098586805616
-0.952943895621823 0.466750283486349 0.448924689034673 0.413652337463827 0.483522572265395 0.511328053855038
-0.940563193632391 0.46733865862056 0.449694555861517 0.414739866004371 0.483948265621148 0.511527184743786
-0.92818249164296 0.467923669706091 0.450444778702816 0.415786822769417 0.484410334799443 0.511789710129701
-0.915801789653528 0.468506277648361 0.451221075366195 0.416848787129817 0.484834104161554 0.512014148138585
-0.903421087664097 0.469101955622482 0.451986244851901 0.417925876492386 0.485262991499646 0.512245287628838
-0.891040385674666 0.469716778895257 0.452734734563961 0.418982482459287 0.485695074905387 0.512529886957953
-0.878659683685234 0.470306414589109 0.453494432525087 0.420050617927306 0.486115295262507 0.512824636298917
-0.866278981695803 0.47088789979539 0.45425303021797 0.42101263512254 0.486547313016371 0.513138426550239
-0.853898279706371 0.471504675086116 0.454997589435881 0.422076126467494 0.487000438257973 0.513376932061951
-0.84151757771694 0.472096713378478 0.455766337354993 0.423102063632669 0.48746519999183 0.513685275526057
-0.829136875727508 0.472692226530956 0.456507283659026 0.424146112274196 0.487902799618595 0.514026075696645
-0.816756173738077 0.473273800250023 0.457229150954498 0.425142092599376 0.488345681651618 0.514378380121367
-0.804375471748646 0.47386189852673 0.45797732271056 0.426177119379256 0.488792578687677 0.51476172757669
-0.791994769759214 0.474433813892698 0.458711529084464 0.427237892000798 0.489223458904982 0.515087007589801
-0.779614067769783 0.475017988545547 0.459462227714854 0.428249143135657 0.48969092053424 0.515391937243748
-0.767233365780351 0.475609558357961 0.460156388725755 0.429167128103768 0.490153933828142 0.515746575694581
-0.75485266379092 0.476198695558442 0.460901535570394 0.430128643202468 0.490608705743892 0.516100848531661
-0.742471961801488 0.476800992996277 0.461624444156923 0.431109011371792 0.491073195751834 0.516449817195082
-0.730091259812057 0.477381013933341 0.462370801325885 0.432099971863883 0.491524448889821 0.51679127419336
-0.717710557822625 0.477949638587899 0.463100267062216 0.433019067629758 0.491993317364797 0.517210724916305
-0.705329855833194 0.478524366418037 0.463807645561299 0.433888714038469 0.492432213815869 0.51763375519331
-0.692949153843763 0.479117282727489 0.464530838995752 0.43484310207601 0.49289765565038 0.518030957000981
-0.680568451854331 0.479721660701366 0.465251167751494 0.43579811243427 0.493373856994245 0.518413404375388
-0.6681877498649 0.480295178427694 0.465986293984602 0.436769512580197 0.493846022143628 0.518831311505797
-0.655807047875468 0.480888755079879 0.466668888761527 0.437746011393116 0.494334302387334 0.519271035974026
-0.643426345886037 0.481472442225405 0.467362035301657 0.438625555790394 0.494810842344208 0.519738950834602
-0.631045643896605 0.482070174026911 0.468064599582139 0.439561042788823 0.495276455182857 0.520179204070155
-0.618664941907174 0.482670172190915 0.468752321707804 0.440482914741595 0.49577844519135 0.520641278741712
-0.606284239917742 0.48325642407247 0.469432892547316 0.441348146341168 0.496245600484483 0.521085001746863
-0.593903537928311 0.483845698155316 0.470090345922424 0.442225684997504 0.496741066567455 0.521568017546323
-0.58152283593888 0.484422841345263 0.470762831939538 0.443079698779016 0.497249288651402 0.522059541474796
-0.569142133949448 0.485003339312685 0.471443157950845 0.443947702105004 0.497754392901013 0.52255389222726
-0.556761431960017 0.485573296836663 0.472113070278817 0.444794005591672 0.498273462709779 0.523103813830407
-0.544380729970585 0.486152500931728 0.472774626030414 0.445659066263705 0.498790786165103 0.523567477461877
-0.532000027981154 0.486722147887407 0.473438801348503 0.446524327030569 0.49927564562507 0.52415653069492
-0.519619325991722 0.487307100926054 0.474105262201321 0.44732282781954 0.499822334185612 0.524726526633479
-0.507238624002291 0.487883213637296 0.474749398667733 0.448159210757196 0.500351022201169 0.525245082839959
-0.49485792201286 0.488450899060043 0.47540016290263 0.448987885273451 0.500895979599815 0.525852084926467
-0.482477220023428 0.489016457093796 0.476045477971391 0.449760191985042 0.501421182886602 0.526464421156528
-0.470096518033997 0.489585174912941 0.476686878743433 0.450564269653485 0.501929379150746 0.527080133531123
-0.457715816044565 0.490141308804347 0.477338420516933 0.451353566054033 0.502475766622453 0.527684008864669
-0.445335114055134 0.490720049272293 0.477968203831583 0.452166782720708 0.503014434727172 0.528264645267988
-0.432954412065702 0.491300266857274 0.478588116199463 0.45286571618531 0.503547998461392 0.52891455203284
-0.420573710076271 0.491856559935312 0.479195858888279 0.453670560048246 0.504098772551444 0.52956632882347
-0.408193008086839 0.492424026938666 0.479801050085846 0.454322501283746 0.504684912194954 0.530229481121334
-0.395812306097408 0.49298981557917 0.480404465419048 0.455093169653739 0.505254148218327 0.530881131214318
-0.383431604107977 0.493549502469681 0.481035820047506 0.455787653380197 0.505834140325498 0.531569620194776
-0.371050902118545 0.494110908055814 0.481650921082378 0.456487628338087 0.506421269343628 0.532265321283271
-0.358670200129114 0.494667458834367 0.48225756367258 0.457177310439664 0.50701905369169 0.532962412926376
-0.346289498139682 0.495251815786097 0.482844789846288 0.457887658993877 0.507593113682983 0.53370051549974
-0.333908796150251 0.49580279411701 0.483431518015272 0.458546904284405 0.508186431771345 0.534360383408724
-0.321528094160819 0.496352638534422 0.484026649217174 0.45920580056093 0.508818525137431 0.535145720292774
-0.309147392171388 0.496922962035664 0.484595343827968 0.459816142805612 0.509397849977679 0.535919781416729
-0.296766690181957 0.497470863326313 0.485148075113204 0.460464838048153 0.510019204236979 0.536685259845304
-0.284385988192525 0.498032023523836 0.485730231448316 0.461131032836816 0.51065395376323 0.537395087612847
-0.272005286203094 0.498622824274575 0.486284686494215 0.461768693649287 0.511277337170198 0.538152167162866
-0.259624584213662 0.499178480448975 0.486858934296601 0.46238095957677 0.511907015303319 0.538963059586222
-0.247243882224231 0.499732270601131 0.487406327185729 0.462996503683229 0.512549835338191 0.5397272536177
-0.234863180234799 0.50027835530499 0.487926228983241 0.463556194664655 0.51320144054314 0.54052699043824
-0.222482478245368 0.500837551334225 0.488451649776912 0.464045503849301 0.513856576984458 0.541397008481298
-0.210101776255937 0.501395251264293 0.488951011172772 0.464590685119106 0.514496147839162 0.542185781487596
-0.197721074266505 0.501965355504531 0.489487944817341 0.465138530437302 0.515169303453462 0.543088968655421
-0.185340372277074 0.502520433309645 0.490030681715796 0.465688858047195 0.51584308672636 0.543893602681926
-0.172959670287642 0.503088464944325 0.490545799490357 0.466180437156671 0.516500934871089 0.544778214570045
-0.160578968298211 0.503658703834843 0.491051850355696 0.466688785873705 0.517169973034584 0.545690585647433
-0.148198266308779 0.504217971007513 0.491527096194685 0.467212304857017 0.517868858404768 0.546564513122631
-0.135817564319348 0.504800076990175 0.492025263155599 0.467710109810489 0.518542485409232 0.54743683430746
-0.123436862329916 0.505378066400307 0.492511681344316 0.468193482945174 0.519232616764979 0.548288924096142
-0.111056160340485 0.505946542988975 0.493035650698888 0.468658763293579 0.519922879920278 0.549202397775058
-0.0986754583510536 0.506510975774659 0.493506062175562 0.469152339338894 0.520612854495386 0.550055113833694
-0.0862947563616221 0.507102800679075 0.493985488406724 0.469577811011757 0.521311437455667 0.551017739777175
-0.0739140543721906 0.507683282239031 0.494471262871026 0.470010907672199 0.522009653188826 0.551969708113449
-0.0615333523827593 0.508275057540974 0.494973047394978 0.470401280760929 0.522720126626863 0.552920972218781
-0.0491526503933277 0.508865709204881 0.495447480878965 0.470845464948299 0.523424194755232 0.553855608357858
-0.0367719484038964 0.509418785226825 0.495911384017758 0.47126829426579 0.52414585229399 0.554761284412923
-0.0243912464144649 0.510014884045647 0.496385772017446 0.471670093591718 0.524855132794425 0.555691978472521
-0.0120105444250334 0.510587348273546 0.496862892093771 0.472033883983204 0.52556000360533 0.55666944681085
0.000370157564397955 0.511182482644954 0.497333834628707 0.472482164371048 0.526307667142638 0.557634818275788
0.0127508595538295 0.511754696718542 0.497816614974257 0.472830665222789 0.527037479399051 0.558663378210713
0.0251315615432608 0.512340513912128 0.49828206140088 0.473215196160327 0.527740632487593 0.559585412102485
0.0375122635326923 0.512925207195304 0.498721730692748 0.473498833130447 0.52846961950708 0.560602280259482
0.0498929655221236 0.513516587286119 0.499189621604811 0.473908857153327 0.529194799277408 0.561629631495891
0.0622736675115552 0.514098111503996 0.499634775865626 0.474233098330267 0.529935030348471 0.562609824645669
0.0746543695009867 0.514673307131848 0.500081218459755 0.474539073173274 0.530672855253726 0.563634766088958
0.087035071490418 0.515253074604489 0.500529041363828 0.474846339900132 0.531403032800993 0.564646412600666
0.0994157734798495 0.51583383784595 0.500964863792029 0.475137314777156 0.532139449021502 0.565653518588024
0.111796475469281 0.516424182212649 0.501434722340062 0.475416991733144 0.532877553507727 0.566714177873366
0.124177177458712 0.517020191518933 0.501868589639906 0.475704025801321 0.533620495601084 0.567723771398519
0.136557879448144 0.517615856120791 0.502334948917673 0.475932322271784 0.534388520714109 0.56872072456936
0.148938581437575 0.518205554465973 0.502795919555851 0.476205134664679 0.535117025707721 0.569784426961788
0.161319283427007 0.518797080760969 0.503220556005239 0.476481767021662 0.535855203937007 0.570852870827565
0.173699985416438 0.519387795283893 0.503639253400189 0.476727264453006 0.536625075880799 0.571898059485203
0.18608068740587 0.519990363912345 0.504070076250621 0.476996377962489 0.537381411057316 0.572952773380174
0.198461389395301 0.520580410075164 0.504482463134956 0.477236050183895 0.53812575892148 0.574016250671637
0.210842091384732 0.521180396605505 0.504906381564204 0.477476089294152 0.538862980988701 0.57506007758703
0.223222793374164 0.521763677318112 0.50534840749797 0.477751735249722 0.53962668619602 0.576125037095142
0.235603495363595 0.522365251123171 0.505769513355036 0.478005464028559 0.540391055725461 0.577283480857208
0.247984197353027 0.522965089084414 0.506174926877762 0.478207260043179 0.54114270791917 0.578359440693129
0.260364899342458 0.52355207171398 0.506585918877665 0.47838313403569 0.541900868129465 0.579424954809698
0.27274560133189 0.52415611395135 0.506990353991631 0.4785755010284 0.542687759780914 0.58054608888344
0.285126303321321 0.524751294721814 0.507428290265411 0.478759304257206 0.543468408206817 0.581690487453431
0.297507005310752 0.525342223651067 0.507854502354 0.479018601964128 0.544232149101297 0.582744140128332
0.309887707300184 0.525930643173632 0.508283495786198 0.479185385399936 0.544982580156602 0.583847819189994
0.322268409289615 0.526530799710199 0.508701883009075 0.479366389374024 0.545737715488493 0.584956321965883
0.334649111279047 0.527120665315275 0.509113066895903 0.47958431261543 0.546502943486536 0.586070594123878
0.347029813268478 0.52771380337896 0.50955291053849 0.479724528592294 0.547289943462908 0.587242418846673
0.35941051525791 0.528321204075113 0.509944025619802 0.479908819909004 0.54808138674621 0.588310822302899
0.371791217247341 0.528901289083998 0.510342670593748 0.480088893562 0.548861765619491 0.589476737569947
0.384171919236773 0.529497899661345 0.510780890538955 0.480269291576208 0.549631011109877 0.590581358303416
0.396552621226204 0.530077462034931 0.511195836803232 0.480433498212024 0.55040179626939 0.591669185175426
0.408933323215635 0.530658915180914 0.511584494901158 0.480580726694461 0.551184173458061 0.59276357347744
0.421314025205067 0.531242773567066 0.511969983158918 0.480734558252961 0.55196340035777 0.593854799271171
0.433694727194498 0.531831032652573 0.512366118173772 0.480907606105295 0.552757704252647 0.594927330165201
0.44607542918393 0.532402751231297 0.512764533907306 0.481033643255831 0.553578838702592 0.596088502485769
0.458456131173361 0.532968977063168 0.513167156222703 0.481159566205957 0.554388570278218 0.597193284288657
0.470836833162793 0.533577778367294 0.513584621380579 0.481309849411351 0.555159037806238 0.598307983313062
0.483217535152224 0.534169273847721 0.513974111082646 0.481441602085699 0.555917858299811 0.599437169870928
0.495598237141656 0.534750702650096 0.514378375576279 0.481594150395565 0.556684226823237 0.600577837882688
0.507978939131087 0.535346670645719 0.514794827632442 0.481774182056814 0.55747713962328 0.601670027946033
0.520359641120518 0.535940372747578 0.515203697349847 0.481925273141934 0.558234037250403 0.602820544208654
0.53274034310995 0.536529992231786 0.515605001087569 0.482052511432227 0.559021839513628 0.603984546542655
0.545121045099381 0.537127476235148 0.515996380560316 0.482170048177329 0.559820460064582 0.605091750956288
0.557501747088813 0.537706392143891 0.51640502010705 0.482298875204571 0.560609009331771 0.606233367587531
0.569882449078244 0.538316677810236 0.51683398304614 0.48243127160752 0.561391077363635 0.607398646762002
0.582263151067676 0.538906667366894 0.517237187293096 0.482602582607491 0.562171549765074 0.608564237381973
0.594643853057107 0.539489401594782 0.517612788578848 0.482678330344366 0.562955069837491 0.60965688752489
0.607024555046539 0.540095689679838 0.518010977047272 0.482781264967547 0.563736021994977 0.610755940541952
0.61940525703597 0.540674521401252 0.518396034703059 0.482868460932777 0.564538082656549 0.611878084529414
0.631785959025401 0.541254754577326 0.518795644766232 0.482975115867019 0.565304406336651 0.613027577899878
0.644166661014833 0.541845848624297 0.519175246232977 0.483110673253254 0.566112594507502 0.614164772399756
0.656547363004264 0.542433041439143 0.519541350882431 0.483196292321672 0.566900143797906 0.61531011073335
0.668928064993696 0.543018222239657 0.519943405331896 0.483281937767653 0.567693740993165 0.616459071521664
0.681308766983127 0.543609249211658 0.520345695981864 0.483364339261821 0.568458889536542 0.61758053412981
0.693689468972559 0.544217949200349 0.520726282085007 0.483431825514667 0.569253545126492 0.618755992392236
0.70607017096199 0.544802723954407 0.521118073962884 0.48350169263744 0.570038634068158 0.619860935149294
0.718450872951421 0.5453789066051 0.521490743808532 0.483584600168422 0.570821653659902 0.62103204804383
0.730831574940853 0.545983267876489 0.521886924499612 0.483667855692629 0.571623497567138 0.622141225895901
0.743212276930284 0.546560186079689 0.522255625975897 0.483733995984339 0.57240837377257 0.623291807051013
0.755592978919716 0.547159679884726 0.522634639635038 0.483835410361236 0.573188368673352 0.624435965283883
0.767973680909147 0.547746142452306 0.523001800372544 0.483888791023842 0.573998706733376 0.625612172090978
0.780354382898579 0.54834111458075 0.523378062923694 0.483966254981322 0.574822858839691 0.626724426917064
0.79273508488801 0.548928922074923 0.523759726508331 0.484088304096134 0.575615622229446 0.627838825940202
0.805115786877441 0.549531387944665 0.524114809438176 0.484169229678229 0.5763941516466 0.629007659425588
0.817496488866873 0.550139651221097 0.524507281668634 0.484242669898636 0.577191844002354 0.630201457151767
0.829877190856304 0.550700120737416 0.524878428550023 0.4843007741676 0.577977306092625 0.631350641674176
0.842257892845736 0.551303312816049 0.52525940693845 0.484366570922315 0.57879215969535 0.63247419213468
0.854638594835167 0.551893550342121 0.525630792764469 0.484410531913746 0.579576798389448 0.633627447153373
0.867019296824599 0.552493135357754 0.526016962864126 0.484491749922773 0.580352217733558 0.634792973679003
0.87939999881403 0.553098537119894 0.526392801737777 0.484533634341384 0.581160077220313 0.635912480026754
0.891780700803462 0.553689810805904 0.526788013085204 0.484602579253789 0.581967199018157 0.63705441909252
0.904161402792893 0.554291554662454 0.527177490470078 0.484650987344271 0.582757353696279 0.638159283847875
0.916542104782325 0.554892826793442 0.527548734886185 0.484696743787245 0.583535745847496 0.639304441287773
0.928922806771756 0.555478781040042 0.527933788167335 0.484765534559301 0.584351756613276 0.640510052357777
0.941303508761187 0.556075926282268 0.528292601815448 0.48478032322145 0.585138674830463 0.641594692892344
0.953684210750619 0.556651963899991 0.528651687305654 0.484830125468569 0.58591263951723 0.642790493797711
0.96606491274005 0.557224958881493 0.529033730260705 0.48485486614864 0.586728530718732 0.643898790425416
0.978445614729482 0.557822300802826 0.529423698476844 0.484841998884071 0.587519817633054 0.645005579378528
0.990826316718913 0.558398108353341 0.529819235441742 0.484884211143385 0.588315685398516 0.646152177351893
1.00320701870834 0.558994320226084 0.530201665436717 0.484924838720674 0.589118750745329 0.647277959020796
1.01558772069778 0.559596504147451 0.530571338004792 0.484988913385213 0.589915465687583 0.648468088134136
1.02796842268721 0.560194297089099 0.530933876342286 0.485024006974194 0.590700629519358 0.649635935378792
1.04034912467664 0.560794563963899 0.531303594726052 0.485046055510558 0.591490386368966 0.65081150512361
1.05272982666607 0.56138714271953 0.531693365652199 0.485091502444361 0.592272036394575 0.651979643195964
1.0651105286555 0.561965258180275 0.532072915891341 0.485123409051075 0.593040138216447 0.653129018249464
1.07749123064493 0.562539227311375 0.532454531388349 0.48519580345555 0.593811750648319 0.654191234097306
1.08987193263436 0.563132143263435 0.532818225894034 0.485241475915467 0.594588219779647 0.655325343083374
1.1022526346238 0.563731418887528 0.533197929723203 0.485252842224703 0.595375388237624 0.656479217830566
1.11463333661323 0.564323676962794 0.533580261474317 0.48532951364112 0.596184315863428 0.657581139852016
1.12701403860266 0.564890052459075 0.533949037611032 0.485358082031419 0.596973035213915 0.658672385209259
1.13939474059209 0.565465574484496 0.534300110663041 0.485397164019609 0.597753106646236 0.659777226674093
1.15177544258152 0.566044997495466 0.534691052448478 0.485413718325083 0.598573905594062 0.660953134957328
1.16415614457095 0.566649879148965 0.53506818989619 0.485458964487896 0.599353035885289 0.662081740418028
1.17653684656038 0.567229026712568 0.535427144958277 0.485470710845184 0.600155574841655 0.663182449731333
1.18891754854982 0.567798463149071 0.535800727635403 0.48550044492008 0.600938094218462 0.66431520173425
1.20129825053925 0.568398895630978 0.536188587224246 0.485526918768116 0.60173596195602 0.665424201500423
1.21367895252868 0.568970672146707 0.53655419183882 0.485522341257552 0.602503422438968 0.666536975515442
1.22605965451811 0.569556401867519 0.536946103212236 0.485522539922035 0.603302851456057 0.667640288827192
1.23844035650754 0.570138071300776 0.537324337739504 0.485552507894056 0.604099241986314 0.668764273203188
1.25082105849697 0.57072190697513 0.537712944009659 0.485543221881444 0.604892421408041 0.669927007837912
1.2632017604864 0.571294924074199 0.538095280595679 0.485565544318668 0.605678019772238 0.671079999921041
1.27558246247584 0.57187855562627 0.538498541910248 0.48561433868129 0.606483241146207 0.672270867583511
1.28796316446527 0.572472670139511 0.538876865485966 0.485661567038095 0.607272411263185 0.673420128114849
1.3003438664547 0.573069037433944 0.539249049387621 0.485698566536791 0.608062829694245 0.67448976052806
1.31272456844413 0.573638483187678 0.53960150519405 0.485709044315862 0.60883892849759 0.675594333406079
1.32510527043356 0.574208503470969 0.539974517346827 0.485730695810481 0.609660730221089 0.676761589580684
1.33748597242299 0.574805619832627 0.540346764906956 0.485723390609613 0.610452439626522 0.677899157735108
1.34986667441242 0.575377435959823 0.540737143203064 0.485758515297667 0.611249675358958 0.678986145210886
1.36224737640186 0.575961437965144 0.541107973716617 0.485741079504637 0.612034041812743 0.680062761874183
1.37462807839129 0.576537832000043 0.541481551470279 0.485775163808138 0.612807985062258 0.681135311479285
1.38700878038072 0.57711302971885 0.541861559923115 0.485798039765505 0.613598966560085 0.682251784689194
1.39938948237015 0.577674599906262 0.54222558703964 0.485800366495817 0.614396190041567 0.68333199084907
1.41177018435958 0.578258978781974 0.542602388164375 0.485784568690676 0.615189394234354 0.684410893589479
1.42415088634901 0.578839330600792 0.542956986131768 0.485802412576053 0.615979621121004 0.685518683218903
1.43653158833844 0.579412916560649 0.543300186825281 0.485827502797354 0.6167596214443 0.686619344115134
1.44891229032788 0.579999532043257 0.543659192718494 0.485828908391686 0.617524093425989 0.687711163275998
1.46129299231731 0.580573654016465 0.544016681961555 0.485838443515088 0.618312930474189 0.688808399611124
1.47367369430674 0.581146561939998 0.544387148009256 0.485857325385602 0.619103177815762 0.689932731852409
1.48605439629617 0.581701026825748 0.544742697739806 0.485868543211235 0.619888559447575 0.691044815463384
1.4984350982856 0.582277969648509 0.545096865757124 0.485909174346844 0.620659986707348 0.69216911307635
1.51081580027503 0.582853630230717 0.545452426203841 0.485889687791528 0.621450018317824 0.693262205065381
1.52319650226446 0.583450857171165 0.545826566980089 0.485860434684266 0.622223460219837 0.694332839800083
1.5355772042539 0.584038182311303 0.546167740902331 0.485886271188548 0.623001482710174 0.695414722140137
1.54795790624333 0.584601722027365 0.546545882240397 0.485933162656617 0.62375957463021 0.69650612018628
1.56033860823276 0.585195596712075 0.546920058371719 0.485967763482204 0.624537190762999 0.697599881037384
1.57271931022219 0.585776421487375 0.547270225787873 0.485955478191069 0.625305962786281 0.698688451831513
1.58510001221162 0.586374601761454 0.547624890856213 0.485930791041671 0.626081125607892 0.699747347917356
1.59748071420105 0.586953382286912 0.547983932624038 0.485946659839365 0.626863888377184 0.70078059791855
1.60986141619048 0.587545639908819 0.548352370573177 0.485980842150351 0.627653612127867 0.701852222723227
1.62224211817992 0.58813916391513 0.548718586127223 0.485989658684898 0.628436254414822 0.702919178428247
1.63462282016935 0.588724559395861 0.549077184673291 0.48602004919271 0.629220945625102 0.703994361235178
1.64700352215878 0.589293578164253 0.54943655697603 0.486076897517349 0.630017328178049 0.705080962398272
1.65938422414821 0.589879480046552 0.549808129013018 0.486072528107229 0.63079599905264 0.706201950683538
1.67176492613764 0.590447190769308 0.55018351161836 0.486079345454418 0.631571606542794 0.707276565564212
1.68414562812707 0.591051362064896 0.550529234936077 0.486107759208376 0.632349531026411 0.708376379350804
1.6965263301165 0.591637355751845 0.550888834367848 0.486106461730483 0.633107587609932 0.709440481279291
1.70890703210594 0.592228547448773 0.55125732772231 0.486098739463509 0.633883548014268 0.710497759463686
1.72128773409537 0.592804523355981 0.551637738382295 0.48612659214901 0.634649241792819 0.711564343941055
1.7336684360848 0.593393448313781 0.551999401233102 0.486158072427076 0.635405634227239 0.712674912983383
1.74604913807423 0.593966443963957 0.552366578721371 0.486199819800358 0.6361883321114 0.71379644906541
1.75842984006366 0.59453277409615 0.552732049542115 0.486236186493074 0.636949233537703 0.714852097462191
1.77081054205309 0.595119445481464 0.553094581548534 0.486254626125672 0.637716452764396 0.715875430251067
1.78319124404253 0.595681214891321 0.553446283228479 0.486267003003152 0.638497430206521 0.716952434490125
1.79557194603196 0.596233683880705 0.553809063559231 0.486294183437444 0.639261361634212 0.718061614678917
1.80795264802139 0.596812562879076 0.554152684232593 0.486292263668282 0.640027495070677 0.719172505559065
1.82033335001082 0.597398925769106 0.554476057101631 0.486332600606433 0.640795286795588 0.720167864934252
1.83271405200025 0.597960129442048 0.554837654828473 0.486325069421569 0.641544843416177 0.721239179732877
1.84509475398968 0.598534493493093 0.555204618556302 0.486317923162095 0.642324432042247 0.722264259743511
1.85747545597911 0.599127041076203 0.555557968143513 0.486303266952744 0.643083951608647 0.723237270276256
1.86985615796855 0.599695799996849 0.555932634826539 0.486279510475478 0.643864110958148 0.724314098529945
1.88223685995798 0.60027599571573 0.556280798821693 0.486285445599413 0.644628640670114 0.725328576364549
1.89461756194741 0.600831012653771 0.556642757591699 0.486284767487066 0.645413613207541 0.726351778239254
1.90699826393684 0.601408977313188 0.556998958670279 0.486330061183118 0.646173144114924 0.727386800693679
1.91937896592627 0.601966613876033 0.557361732350793 0.486332116578108 0.646932368024694 0.728458037044757
1.9317596679157 0.60255994238169 0.557721803246022 0.486329135026503 0.647693446878234 0.729470385503781
1.94414036990513 0.603136270899147 0.558083749455842 0.486341625700642 0.64844764738348 0.730475468434044
1.95652107189457 0.603713754557278 0.558439916956312 0.48631261103091 0.649201828620572 0.731478250564346
1.968901773884 0.604275322864096 0.558794130621753 0.486328773195828 0.649961364672697 0.732526009877729
1.98128247587343 0.604856544159344 0.559166464764446 0.486340486383662 0.650680656747467 0.73353782031958
1.99366317786286 0.605426846058601 0.559504145977682 0.486357694494951 0.651448257861416 0.734516259660256
2.00604387985229 0.606021809663724 0.559868054056682 0.486379750023387 0.65221464216821 0.73553297638554
2.01842458184172 0.606576744445621 0.560196345133176 0.486395212696372 0.652963688995426 0.736530834071038
2.03080528383115 0.6071570107424 0.56055011347007 0.486395029388729 0.653702613197493 0.737520789885922
2.04318598582059 0.607733751103553 0.560936656784364 0.486364309342268 0.654479783808334 0.738519257829365
2.05556668781002 0.608282680082593 0.561297305544476 0.486338688973997 0.655238527143381 0.739507321095351
2.06794738979945 0.6088452520199 0.561646149232245 0.486376818002992 0.656024480088215 0.740464629212549
2.08032809178888 0.609401434081005 0.562000714408615 0.486331253295911 0.65677227060943 0.741488934878146
2.09270879377831 0.609983187850806 0.562370308313897 0.48634066785918 0.657507382270361 0.742490035782514
2.10508949576774 0.6105573541072 0.562730251554618 0.486350244202218 0.658256810521779 0.743485254509706
2.11747019775717 0.611125119371358 0.56308342265782 0.486358479383501 0.659011070591301 0.744493650976532
2.12985089974661 0.611697767433031 0.563459824135334 0.486364324190483 0.659774504114069 0.745493052393682
2.14223160173604 0.612262186063402 0.563796689027229 0.486379659382739 0.660502352032371 0.746472153770591
2.15461230372547 0.61282204145015 0.564176227031266 0.486383475837432 0.661236378517396 0.747468322306725
2.1669930057149 0.613382592206187 0.564536896115921 0.486373546114814 0.662006195818438 0.748451802564177
2.17937370770433 0.613951605184794 0.564885823527723 0.486325168921724 0.662736976380517 0.749420830043195
2.19175440969376 0.61451819723993 0.5652382334641 0.48630394276093 0.663481574296597 0.750419563575888
2.20413511168319 0.615079615824248 0.565596118364657 0.486323016974034 0.664228240648044 0.751404227265628
2.21651581367263 0.61562787009891 0.565946852592001 0.486295823711532 0.664966975087398 0.752362817832725
2.22889651566206 0.616197024557484 0.566317155889009 0.486281904006815 0.665710274262362 0.753355608260519
2.24127721765149 0.61674514479368 0.56667846369866 0.486250786937433 0.666439746775022 0.754393663860555
2.25365791964092 0.617328415509378 0.567030189552225 0.486247117294 0.667193333394698 0.755323969962192
2.26603862163035 0.61790722470485 0.567373114103863 0.486216674057534 0.667949860498327 0.75625340391309
2.27841932361978 0.618471928074118 0.567734247024711 0.486193140419909 0.66869162928722 0.757211936017948
2.29080002560921 0.619028045730313 0.568096767254319 0.486190472028074 0.669446570475667 0.758145886244011
2.30318072759865 0.619586928940194 0.568451673001598 0.486180039906372 0.670187634797043 0.759090876785321
2.31556142958808 0.620152913955744 0.568813080502912 0.486154664566214 0.670933704001528 0.759994087725915
2.32794213157751 0.620713234652731 0.56917499120063 0.486111334320965 0.671661514729887 0.760959689190576
2.34032283356694 0.621295290174572 0.569535093208627 0.486110203662428 0.672402338942009 0.761877532556451
2.35270353555637 0.621862223399287 0.5698915064867 0.486117007536615 0.673161157136105 0.762840970157651
2.3650842375458 0.622419514233106 0.570240493667581 0.486119601104712 0.673909561241239 0.763753887092969
2.37746493953523 0.622981881733133 0.570578603206569 0.486114697866392 0.674646525688195 0.764641528212554
2.38984564152467 0.623541447087515 0.57093206468462 0.486109657745875 0.675379144527676 0.765574832517957
2.4022263435141 0.624107130436091 0.571304988917105 0.486123229870371 0.676116326817094 0.766521934466906
2.41460704550353 0.624657066455382 0.571662722029994 0.486127791223564 0.676846051669565 0.767431182516061
2.42698774749296 0.625195512534067 0.572014919902914 0.486143601704202 0.677584239935577 0.768342078726084
2.43936844948239 0.625764734236376 0.572364094571133 0.486156468814662 0.678310919529286 0.76926426264847
2.45174915147182 0.62632773213799 0.572703242718214 0.486171018528012 0.679045339145944 0.770218136140788
2.46412985346125 0.626859721608642 0.573059793427285 0.486186622326478 0.67976589774705 0.771173387676391
2.47651055545069 0.627414596100099 0.573415078590034 0.486184339720501 0.680492914092319 0.772153285737782
2.48889125744012 0.62798297185156 0.573781186714895 0.486152409050242 0.681249021172425 0.7730349583658
2.50127195942955 0.628550764417178 0.574136770743907 0.486147049519081 0.681983038101367 0.773964247437158
2.51365266141898 0.62913842620614 0.574510499467408 0.486121082952002 0.682711910087854 0.774890096133149
2.52603336340841 0.629705894405695 0.574858281280695 0.486102721194516 0.683442008810727 0.775809362275173
2.53841406539784 0.63024042700789 0.575216406644215 0.486080614842959 0.684152095549559 0.776741725004194
2.55079476738727 0.630787959521861 0.575555820965783 0.486057003853062 0.684873384964026 0.777658661613473
2.56317546937671 0.631339525576096 0.575915881597723 0.486045779945363 0.685601968964911 0.778585907452127
2.57555617136614 0.631877828701671 0.576268360863073 0.48601350762018 0.686318617805169 0.779510937120376
2.58793687335557 0.632437612566911 0.576634087107527 0.486051590076164 0.687053850395495 0.780440377421519
2.600317575345 0.632983032303972 0.576987370118593 0.486053717468791 0.68777188908398 0.781362856815349
