"x" "mean" "lwr1" "lwr2" "upr1" "upr2"
-2.103954374 0.63742652287022 0.612856497625444 0.564388286525055 0.660956076574067 0.703947842824006
-2.08036099311037 0.637098121873171 0.612720840637278 0.564690104405452 0.66040198553746 0.70308282903867
-2.05676761222074 0.636736749201094 0.612599341414665 0.565027564671102 0.659847313640404 0.702210233300146
-2.0331742313311 0.636407797011044 0.612479337686871 0.565365401627409 0.659299439277547 0.701303243101041
-2.00958085044147 0.636063535960647 0.61236827770989 0.56574338484924 0.658763813311316 0.700413481535238
-1.98598746955184 0.635727359690516 0.612226793113309 0.566121082330272 0.6582117212562 0.699528941987992
-1.96239408866221 0.635382815668065 0.612107759473443 0.566481986905726 0.657666720313299 0.698684276561045
-1.93880070777258 0.635043657528783 0.611978205636692 0.566850324242549 0.657139809301889 0.697778112145225
-1.91520732688294 0.634692485565878 0.611875942238561 0.56714515519797 0.656608121931167 0.696898724457351
-1.89161394599331 0.634346722875239 0.611741478374463 0.567435686909344 0.656032030883945 0.695992726880791
-1.86802056510368 0.634000712190243 0.61161348344591 0.567736791334432 0.65548187851582 0.695085906475244
-1.84442718421405 0.633654040071796 0.611483838765231 0.56803081418769 0.65493797977731 0.694177377476577
-1.82083380332441 0.633309373165056 0.611357353533296 0.568399466432611 0.654381797736087 0.693317849370681
-1.79724042243478 0.632979790380011 0.611226289191767 0.568737946704962 0.653833950712736 0.692404082448425
-1.77364704154515 0.632639660675914 0.611109887171118 0.56903302117522 0.653278381023179 0.691500140452421
-1.75005366065552 0.632299474135948 0.610989604142002 0.569329252691472 0.652735338747733 0.69060928614085
-1.72646027976589 0.631953377160126 0.61086099213241 0.569674895891903 0.652191450986322 0.689732233977042
-1.70286689887625 0.631615124474962 0.610743789455957 0.569982989687187 0.651651805305207 0.688874210196686
-1.67927351798662 0.631271573083425 0.610584063330443 0.570305964183802 0.651111332710694 0.687967191222283
-1.65568013709699 0.630925630671231 0.610468106055101 0.570634009339338 0.650570527925571 0.687068220797402
-1.63208675620736 0.630575254168996 0.610329816846781 0.570920521382981 0.65003607539964 0.68621032525728
-1.60849337531773 0.630251928557139 0.61018317034384 0.571212743790761 0.649499808766188 0.685327498877388
-1.58489999442809 0.629908100145279 0.61005249617998 0.571488901195351 0.648946186060753 0.684461424513145
-1.56130661353846 0.629567321172284 0.609920620759264 0.571733289336577 0.64840988709421 0.683569582255155
-1.53771323264883 0.629219839040636 0.609780483581068 0.572041938517877 0.647870005106341 0.682701322284352
-1.5141198517592 0.628880633208316 0.609663249368128 0.572366565576706 0.647325158193793 0.681790822921082
-1.49052647086957 0.628515658740268 0.609518919359257 0.572660378573363 0.646783544960326 0.680863096844957
-1.46693308997993 0.628173209786795 0.609381960911983 0.572914157742172 0.646242471103426 0.679967296281266
-1.4433397090903 0.627808901466442 0.609227582886751 0.573227045009158 0.645703371589153 0.67908929100875
-1.41974632820067 0.627460143299243 0.609084538012645 0.573501075000285 0.645181278097217 0.678234093679517
-1.39615294731104 0.62711784830439 0.608967499726897 0.57380626887582 0.644637570911341 0.677350011347212
-1.3725595664214 0.626749680116815 0.608826258525824 0.574107244753371 0.64408672188716 0.676432069738383
-1.34896618553177 0.626405262065772 0.608695101397853 0.574337807644831 0.643559430046721 0.675580157650631
-1.32537280464214 0.626051728606882 0.608527114824148 0.574615079813227 0.64303993387923 0.674706851799404
-1.30177942375251 0.625681313066345 0.608372331349962 0.574857887406881 0.642493458689578 0.673866691027973
-1.27818604286288 0.62532894946427 0.608209557417239 0.575117056290671 0.64194804129961 0.673029519160494
-1.25459266197324 0.624974348639252 0.608073834825881 0.575314203646951 0.641411568583645 0.672186617938505
-1.23099928108361 0.624615896771086 0.607931874195268 0.575577374672014 0.640864684606505 0.671335468581254
-1.20740590019398 0.624268554754543 0.607762262196363 0.575852929842325 0.64032624014562 0.670464405965769
-1.18381251930435 0.623910248010032 0.607605013216399 0.576079222351149 0.639781230737052 0.669608716536214
-1.16021913841472 0.623544771319259 0.607447243605303 0.576346794244134 0.639241133556141 0.668743544843495
-1.13662575752508 0.623191888759624 0.607287118627692 0.576542944387906 0.638716144935406 0.667857972583308
-1.11303237663545 0.622834387628012 0.60713372900207 0.576748497095943 0.63819228076677 0.667013598256283
-1.08943899574582 0.622486652229007 0.60697090450427 0.577073733827544 0.637677337247049 0.66619823111872
-1.06584561485619 0.622139973991922 0.606810496217843 0.577181299598927 0.63715911339427 0.665365564287603
-1.04225223396656 0.621807679498413 0.606647068910311 0.577391086699295 0.636633376535355 0.664534910279381
-1.01865885307692 0.621458938362423 0.606497038688625 0.57761965665434 0.636120021445378 0.663663669228285
-0.995065472187291 0.621112475252237 0.606357519000371 0.577782741009147 0.6355864140977 0.662812877004683
-0.971472091297659 0.620753661890817 0.606179344084577 0.577954798128998 0.635066930467398 0.661980013660463
-0.947878710408027 0.620391362009029 0.606011612716813 0.578131034817642 0.634566340592759 0.661189980724765
-0.924285329518395 0.620059992587869 0.605821835269811 0.578300382871546 0.634059724238171 0.660373730207086
-0.900691948628763 0.619721554360278 0.605655980081618 0.578527382130917 0.633554765220159 0.659550304984411
-0.877098567739131 0.619377056211252 0.605466779953276 0.578675939778766 0.633042471655659 0.658750541999664
-0.853505186849498 0.619045978196113 0.605292418453107 0.578804868318247 0.63252720193374 0.657930612482924
-0.829911805959866 0.618677206366083 0.605095973817456 0.578912419027963 0.632014655544624 0.657120339623623
-0.806318425070234 0.618346267889459 0.604914956290483 0.579036913626817 0.631513411998546 0.656324613514014
-0.782725044180602 0.618002890142172 0.604699096557339 0.579181221570045 0.63102957555261 0.655552594143362
-0.75913166329097 0.617630876230763 0.604527034060374 0.579250715624264 0.630541137325479 0.654786659299183
-0.735538282401338 0.617295503884679 0.60432911719047 0.579354288746607 0.630019088454832 0.654006745046641
-0.711944901511706 0.616951404088941 0.604112613949393 0.579410382966596 0.629529577645616 0.65320493658875
-0.688351520622074 0.616594243929583 0.603913096022047 0.579516484529199 0.629042112252542 0.652474304988445
-0.664758139732442 0.616255596118575 0.603717965275238 0.579612108795747 0.628550645269315 0.651811809529651
-0.64116475884281 0.615903136149276 0.603499965768463 0.579689389487491 0.628072724847292 0.651093222032752
-0.617571377953177 0.615576043359146 0.60330197096876 0.579774137683982 0.627602694844307 0.650396947218486
-0.593977997063545 0.615219127081023 0.603087215526101 0.579808726658561 0.627126949932918 0.649691823489687
-0.570384616173913 0.614866332566845 0.602869090066065 0.579888415245648 0.626655222869114 0.649018828586608
-0.546791235284281 0.614523578352367 0.602622875060945 0.579906772157993 0.62620298421662 0.648339001905261
-0.523197854394649 0.614171138462443 0.602410235354626 0.579928730910065 0.625733827763949 0.647658408401584
-0.499604473505017 0.613808388505087 0.602174581681387 0.579889345298805 0.625289778342278 0.647022086760197
-0.476011092615385 0.613447776591319 0.601915714364281 0.579871154705672 0.624826759189579 0.646350914178623
-0.452417711725753 0.613098658883504 0.601691711163 0.579851661623181 0.624369436708828 0.64568747919489
-0.428824330836121 0.612767909212788 0.601446735840924 0.579816235861943 0.623910904454002 0.645052058634371
-0.405230949946488 0.612412043029962 0.601187231122837 0.579768194197961 0.623456066864179 0.644425883390256
-0.381637569056856 0.612057686907526 0.600922126320661 0.579694746136177 0.623006355591038 0.643788314333398
-0.358044188167224 0.611686959892692 0.600646764450317 0.57963814676641 0.622577725889153 0.643176359298821
-0.334450807277592 0.611333025570378 0.600395764928732 0.579513610239612 0.622152296160241 0.642574225673763
-0.31085742638796 0.610990065482797 0.600127542788417 0.579424627406479 0.621727182515752 0.642035985204748
-0.287264045498328 0.610646032810984 0.599844871484309 0.579297782500691 0.621300340122998 0.641414551625718
-0.263670664608696 0.610295365226463 0.599577564205589 0.579187624636155 0.62089254398852 0.640849715743703
-0.240077283719064 0.609939473337623 0.599285936135662 0.579007974192039 0.62048682649836 0.64034049603989
-0.216483902829431 0.609617391397867 0.598996842984608 0.57885508447482 0.620102414640189 0.639821874940773
-0.192890521939799 0.609262226489019 0.598708115055332 0.578653108973143 0.619684712454945 0.639334035048265
-0.169297141050167 0.60889826458606 0.598404167639623 0.578471757636466 0.619281332539323 0.638829546777228
-0.145703760160535 0.608555187812704 0.598105856189524 0.578218680886375 0.618902394971389 0.638347207963688
-0.122110379270903 0.608209160600179 0.597792467597478 0.577950795884836 0.618512138308891 0.637881366628582
-0.098516998381271 0.607856723610489 0.59747910235933 0.577755281972031 0.618136728589723 0.637482595388242
-0.0749236174916388 0.607506390104693 0.597162112892615 0.577460869070301 0.617759200704511 0.637033529870714
-0.051330236602007 0.607161446450609 0.596818752864382 0.577173232040249 0.617389122794055 0.636634102800301
-0.0277368557123747 0.606795661613903 0.596479734572696 0.576868078660806 0.617026350951773 0.636239549772313
-0.00414347482274247 0.606441818982104 0.596136688802844 0.576513335598243 0.616659801669706 0.635883551313933
0.0194499060668893 0.60608698709749 0.595809477173973 0.576179459997733 0.616308922516039 0.635514718634756
0.0430432869565216 0.605747659296383 0.595449712168982 0.575790975759623 0.615971819279419 0.635161417775902
0.0666366678461539 0.605393947652756 0.595056939578585 0.575414370238664 0.615642977148336 0.634896838768649
0.0902300487357857 0.605056517673991 0.594684941566852 0.575009630924493 0.615288145958005 0.634595188679898
0.113823429625418 0.604685117004951 0.594320229772354 0.574589993411321 0.614951552363272 0.634313199558934
0.13741681051505 0.604321654746261 0.593928762411096 0.574140631554058 0.614650392058505 0.634026702902449
0.161010191404682 0.603977546832775 0.59353869299672 0.57368069538973 0.614335505956792 0.633799082107543
0.184603572294314 0.603625577380956 0.593158147232607 0.57324578895198 0.614025990049374 0.633616898197964
0.208196953183946 0.6032510433943 0.592743118193393 0.572765999312192 0.613725615448419 0.633421771023117
0.231790334073579 0.602904229622572 0.592343422259919 0.572205097096554 0.613441687678734 0.633234263944849
0.255383714963211 0.602571631394495 0.591909962568316 0.571671916606807 0.613146709768753 0.633037052538279
0.278977095852843 0.602204988801635 0.59148251433176 0.571107313864746 0.612869978722849 0.63286416779721
0.302570476742475 0.601842397797417 0.591045913985918 0.570498895315076 0.612603847616189 0.632741494214403
0.326163857632107 0.601481926122641 0.590626581702733 0.569925454537752 0.612335609353775 0.632664996767145
0.349757238521739 0.601129482017954 0.590193417361609 0.56932476514701 0.612066236747506 0.632545246478174
0.373350619411371 0.600797385018569 0.589729448349118 0.568669984015701 0.611796966260878 0.6324490434854
0.396944000301003 0.600443818479969 0.589278978360092 0.568030220658603 0.611546989596776 0.632439515060471
0.420537381190635 0.600070758187458 0.588811362055834 0.56743626103866 0.611297789369234 0.632335727067287
0.444130762080268 0.599710551128852 0.588357310565432 0.566757639347082 0.611065953176024 0.632286484995489
0.4677241429699 0.599350966001683 0.587895608603156 0.56605995826852 0.610795289661383 0.632189776357736
0.491317523859532 0.598994805505134 0.587415127261333 0.565294508845489 0.610548050695739 0.632196586849616
0.514910904749164 0.598642998143073 0.586948352946524 0.564610023484133 0.610309460110653 0.632160004322921
0.538504285638796 0.598301394035604 0.586488712790119 0.563889913185045 0.61010560772532 0.632193479017756
0.562097666528428 0.597940926961299 0.586006746312508 0.563232620973661 0.60987990085025 0.632190747051012
0.58569104741806 0.597567033329907 0.58553403137017 0.562496207487688 0.60963550180283 0.632216670368124
0.609284428307692 0.597230704676887 0.585017263855324 0.561760906733965 0.609421400876042 0.632244295730278
0.632877809197324 0.596887314949277 0.584538967178093 0.561007881712165 0.609203162198215 0.632295633941572
0.656471190086957 0.596532947912678 0.58403103568888 0.560224898312885 0.609006778691193 0.632346882133809
0.680064570976588 0.596181953571965 0.583513798279045 0.559459685566187 0.608812172717287 0.632395516497584
0.703657951866221 0.595803237371788 0.583022247716622 0.55867352082576 0.608622048704121 0.632482994172924
0.727251332755853 0.595436162409181 0.582509859971159 0.557906856929904 0.608427285020486 0.632535968665
0.750844713645485 0.595090173665151 0.582034026902978 0.557059337278472 0.608211414142562 0.632665775665673
0.774438094535117 0.594722068493537 0.581513835496638 0.556205605649387 0.608013043715135 0.632762624387373
0.798031475424749 0.594369335418527 0.580960950372957 0.555355033593278 0.607826556634779 0.632896278019047
0.821624856314381 0.594028261359744 0.580426829918888 0.554473056431311 0.607632714030091 0.63300800917857
0.845218237204013 0.593682820078822 0.579899606796545 0.553619341356449 0.607458375498616 0.633079964427818
0.868811618093646 0.593332226884135 0.579337376391877 0.55275838387903 0.607264029649895 0.633230192929785
0.892404998983277 0.592980647580632 0.578807182271058 0.551866768862112 0.607056313505477 0.633373859977212
0.91599837987291 0.592648143311645 0.578267056614569 0.551037394496223 0.606872810799522 0.633495671479933
0.939591760762542 0.592296205998351 0.577745157860884 0.550100091468958 0.606698034692159 0.633660972402707
0.963185141652174 0.591949343389827 0.577207182211909 0.549182374200307 0.606499159208629 0.633785107162164
0.986778522541806 0.591588495867054 0.576655640829485 0.548274735538603 0.606321310613394 0.633986800491251
1.01037190343144 0.591220471015313 0.576087753936792 0.547368916484448 0.606143743090019 0.634150120022661
1.03396528432107 0.590867110295914 0.575535545980589 0.546484754118235 0.605980936253061 0.634366891724929
1.0575586652107 0.590505843122801 0.575002431258791 0.545560254254844 0.605822834759685 0.634532359313633
1.08115204610033 0.590125990342205 0.574444650754847 0.544642710062758 0.605621266940833 0.634709780124787
1.10474542698997 0.589779161527254 0.573889075273207 0.543726121716071 0.605466340919148 0.634914974202006
1.1283388078796 0.589440418578862 0.573340548492146 0.542780265688104 0.605308575636056 0.635049669328329
1.15193218876923 0.589081032437391 0.572783657279477 0.541848431113652 0.605142081656274 0.635316418551529
1.17552556965886 0.588749669090559 0.572228270834712 0.540922766989373 0.604964636205503 0.635538522240826
1.19911895054849 0.588398293581299 0.571683442941686 0.540010382917147 0.604828085978518 0.635789848811906
1.22271233143813 0.588051250728652 0.571104653324481 0.539012546683934 0.60465297255126 0.636035684498298
1.24630571232776 0.587680759793159 0.570526300916437 0.538020855342916 0.604494875394715 0.636194983799248
1.26989909321739 0.58732413294091 0.56993758162184 0.537014888620778 0.604359065272148 0.636433863334429
1.29349247410702 0.586942865578803 0.569355978223867 0.536063007238858 0.60420014769984 0.636686825532675
1.31708585499666 0.586594441281806 0.56881001604432 0.535080491102896 0.604064252918371 0.636943472536596
1.34067923588629 0.586248340590614 0.568249040250036 0.534047445641661 0.603933537345683 0.637204293008546
1.36427261677592 0.585884009405006 0.567678798203284 0.533015239864329 0.603809458191055 0.637446860503701
1.38786599766555 0.585522138264292 0.567121191651405 0.532063704027104 0.603665912484889 0.637731062647338
1.41145937855518 0.585157627118153 0.566547687760672 0.531094593306098 0.603507537954659 0.63793350714732
1.43505275944482 0.58481310926774 0.565980510293694 0.530034679688195 0.60337054873123 0.638204343329167
1.45864614033445 0.584439000460353 0.565399957754303 0.529021221456926 0.603236171175732 0.638453573447853
1.48223952122408 0.584068626051967 0.564820481490921 0.528009211354478 0.603102952641109 0.638787662913375
1.50583290211371 0.583721791072359 0.564218502190427 0.527016515058631 0.602954010539502 0.639009006752447
1.52942628300334 0.583373787015143 0.563621140809778 0.526047536051606 0.60279889337003 0.63930393226718
1.55301966389298 0.583017163857982 0.563043357004132 0.525070102709767 0.602628911649719 0.639502719825007
1.57661304478261 0.582671807184426 0.562460704026428 0.524050225014929 0.602479341331762 0.639737176073724
1.60020642567224 0.582319378946486 0.561882760254941 0.523061727437989 0.602346244726531 0.640020802578818
1.62379980656187 0.581967103052378 0.561287234064511 0.522072386076664 0.6021965827636 0.64028696933184
1.64739318745151 0.581621103117241 0.560683858970077 0.521041810061654 0.60206348913484 0.640532888313163
1.67098656834114 0.581268780180403 0.560077184439085 0.520011657866635 0.601937110631677 0.640807935480901
1.69457994923077 0.580935408866603 0.559490352132877 0.518952224824813 0.601820277849736 0.641063209816379
1.7181733301204 0.580591736820887 0.558924435292265 0.517881007188179 0.601704067489866 0.641328467463085
1.74176671101003 0.580209791691093 0.558330125517785 0.516850642580853 0.601562957766468 0.641608642493044
1.76536009189967 0.579860351493052 0.557745425948211 0.515803500296121 0.601424806321096 0.641913427435219
1.7889534727893 0.579487293062817 0.55715128635365 0.514754350315568 0.601305706193213 0.64215349343099
1.81254685367893 0.579148434818497 0.556544215492204 0.51374508166313 0.601198152965251 0.642498349478931
1.83614023456856 0.57878227745098 0.555927898470409 0.512708171607366 0.601061742166001 0.642770474798121
1.85973361545819 0.578423414103116 0.555355622942253 0.511640156455425 0.600930703837973 0.643093922594631
1.88332699634783 0.578065973231741 0.554776223192732 0.510538768704191 0.600805399473831 0.643366530545239
1.90692037723746 0.57769647584119 0.554200009698067 0.509481391530217 0.600680993352819 0.643673390658679
1.93051375812709 0.577340327273668 0.553613404450495 0.508433197974465 0.600548687217163 0.643983194830487
1.95410713901672 0.57698531985681 0.553001567257466 0.507388005706248 0.600438761485269 0.644286212310505
1.97770051990635 0.576614435593735 0.552394838677119 0.506354764572657 0.600315228680107 0.644519203938907
2.00129390079599 0.57624580744316 0.551790915305771 0.50530255969512 0.600215583565983 0.644803703109843
2.02488728168562 0.575913193391189 0.551176079117614 0.504290160463469 0.600081479577506 0.645131810521788
2.04848066257525 0.575559775664576 0.550576360090837 0.50320319844591 0.599939287057226 0.64542706066688
2.07207404346488 0.575195937901395 0.549985350369976 0.502192142887201 0.59981450624595 0.645752405571399
2.09566742435452 0.574840229764467 0.549378756256752 0.501172457498893 0.599699578117869 0.646015985643093
2.11926080524415 0.574469625058226 0.548766120161676 0.500073994287223 0.599578206388853 0.646301635965706
2.14285418613378 0.574119974440218 0.548166224944222 0.49902271300616 0.599451862421606 0.646583444123779
2.16644756702341 0.573729413029066 0.547565274776766 0.497920168051349 0.599339184976389 0.646911363522886
2.19004094791304 0.573350672739709 0.546961966736663 0.49684232430825 0.599227470879544 0.647195684303379
2.21363432880268 0.572981142774522 0.546383530823325 0.495816873696674 0.599131729358691 0.6475352829412
2.23722770969231 0.572615405170596 0.545754107601027 0.49472931215942 0.598985561485212 0.647824133314151
2.26082109058194 0.572275466795645 0.545129954853749 0.493676167080054 0.598859689832064 0.648111514954177
2.28441447147157 0.571885688747961 0.544512777444326 0.492609619493836 0.598739482907601 0.64843945803556
2.3080078523612 0.571531142130149 0.543914851215133 0.491511246932086 0.598610947409791 0.648742312520183
2.33160123325084 0.571173796145472 0.543324940678235 0.490445277373117 0.598483047627851 0.649077969342965
2.35519461414047 0.570812628217736 0.542710929793101 0.489448318677221 0.598366094416208 0.649428730017275
2.3787879950301 0.570450976952019 0.542083774009693 0.488422706901119 0.598260094414343 0.649750903071426
2.40238137591973 0.570075826578691 0.54147862199332 0.487383798427275 0.598124421287807 0.650090235187626
2.42597475680936 0.569713783967099 0.540871943773571 0.486328257714874 0.597997792851158 0.650414165734794
2.449568137699 0.569362590598655 0.540263242625246 0.485246010249991 0.597869999490465 0.650714501155402
2.47316151858863 0.569011199236866 0.539662709206199 0.484168170766897 0.597757450748664 0.651050313450386
2.49675489947826 0.568628894183785 0.539065376660175 0.483126909614371 0.597637300670367 0.651361837817513
2.52034828036789 0.568286887586846 0.538439674515421 0.482053084575112 0.597519469464915 0.651687297000882
2.54394166125752 0.567926924248459 0.537817359581958 0.480946063928531 0.597390299134802 0.651993149900987
2.56753504214716 0.567552644194259 0.537204199281102 0.47986923097031 0.597278822377731 0.652405284621498
2.59112842303679 0.567199690217257 0.536581713493769 0.478756178867711 0.597175843465673 0.652708872779991
2.61472180392642 0.566826971536567 0.535974537545936 0.477651799196871 0.597076883166526 0.653023676888777
2.63831518481605 0.566484537798878 0.535376151145012 0.476572300408681 0.596975074455434 0.653343380869427
2.66190856570569 0.566119558289334 0.534741538044086 0.475464966767388 0.596878781147225 0.653689423393101
2.68550194659532 0.565766862136587 0.534107994282964 0.474404199641326 0.596768019081827 0.654073717023681
2.70909532748495 0.56542268938424 0.533473643997336 0.473372517282056 0.596658172224767 0.654447913968374
2.73268870837458 0.565052711696638 0.532862860556828 0.472240191995029 0.596536799340928 0.65477855502963
2.75628208926421 0.564685717457669 0.53225908478323 0.471122437326733 0.596452207322638 0.655104533692621
2.77987547015385 0.564312102156446 0.531635441584528 0.47003295610678 0.596327614821057 0.65542769948521
2.80346885104348 0.563954740918101 0.531011495665982 0.4689187016459 0.596212152279757 0.655750428185968
2.82706223193311 0.563595020580142 0.530379806298122 0.467857583713743 0.596088766452202 0.656067634075897
2.85065561282274 0.563224810549945 0.529758993013021 0.466744771901992 0.595975358264022 0.656404498867301
2.87424899371237 0.562870590343042 0.529130236275149 0.465684902099902 0.595842363912305 0.656712734385932
2.89784237460201 0.562485064944464 0.528506020270362 0.464585648913263 0.595711176347945 0.657023398444927
2.92143575549164 0.562111396454813 0.527868841122042 0.463512801425029 0.595611151710512 0.657326668525255
2.94502913638127 0.561745718728706 0.52725609545706 0.462399189939435 0.595481947434367 0.657621232023216
2.9686225172709 0.561387331167909 0.526626262245895 0.46130766225628 0.595374757172201 0.657929244769232
2.99221589816054 0.561019162910724 0.526016948886313 0.460172978629934 0.59524519216962 0.658280819893116
3.01580927905017 0.560646689000322 0.525399127064832 0.459027200742112 0.595105710638593 0.658606927883075
3.0394026599398 0.560287904465385 0.524773782235835 0.457944984830472 0.595002847780706 0.658940329291813
3.06299604082943 0.559933894876788 0.5241442597841 0.456901906485331 0.594892627913624 0.659267798367878
3.08658942171906 0.559583098566947 0.523496707970505 0.455855017942871 0.594783329419653 0.659578782564067
3.1101828026087 0.559221887280058 0.522903266142626 0.454765796291527 0.594662104751668 0.659905667705622
3.13377618349833 0.558870041355761 0.522285066395724 0.453614543210172 0.594539388730314 0.66023671839568
3.15736956438796 0.558516368199039 0.521678106721122 0.452526673862734 0.594407554705974 0.66054448622166
3.18096294527759 0.558172531480432 0.521050039807836 0.451423045855121 0.5943063538873 0.660878824404832
3.20455632616722 0.557802437537206 0.520403867624036 0.450324353246204 0.59418789774702 0.66115327626407
3.22814970705686 0.557435396549465 0.519777227254258 0.449209200974269 0.594068417903176 0.661440395158162
3.25174308794649 0.55706331936189 0.519132828488221 0.44811909284961 0.593959640620369 0.661797678744395
3.27533646883612 0.55671088102014 0.518501450309397 0.447022871520485 0.593844029724356 0.662140358832448
3.29892984972575 0.556343059430084 0.517878944424376 0.445918281004552 0.593727555089167 0.662520047790967
3.32252323061538 0.555971468322103 0.517252367738795 0.444803679881973 0.593612725775599 0.662881688197555
3.34611661150502 0.555602290329211 0.516641626017164 0.443723176996027 0.593505598000222 0.663256775153423
3.36970999239465 0.555239274071985 0.516009101986712 0.442601539026501 0.593404263245244 0.663594639871064
3.39330337328428 0.554878738721042 0.515411888187249 0.441542323188762 0.593309357096142 0.663965471789289
3.41689675417391 0.554506975109899 0.514794630399331 0.440425563787507 0.593179289963692 0.664256739258265
3.44049013506355 0.55413139717441 0.514173853002392 0.439292945958273 0.593063459492082 0.664609207971116
3.46408351595318 0.553759230411797 0.513551450214961 0.438233308694691 0.592937271434025 0.664921866369446
3.48767689684281 0.553412136962516 0.51290183298126 0.437152080843563 0.592817818253459 0.66525773511151
3.51127027773244 0.553048887505352 0.512284894111863 0.436042416473918 0.592680652160817 0.665567666233923
3.53486365862207 0.552682531780271 0.511646759851668 0.434963092207274 0.592552714050185 0.665894766719175
3.55845703951171 0.552321267932967 0.511018671366139 0.433852214247067 0.592439169548075 0.666160324683571
3.58205042040134 0.551940063246465 0.510412639996936 0.432726574816466 0.592332046918998 0.666525620249941
3.60564380129097 0.551583184678025 0.509795258159293 0.431628886495566 0.592236341021724 0.666868169781395
3.6292371821806 0.551195643220769 0.509177407149324 0.430534075644507 0.592125719050113 0.667210601838159
3.65283056307023 0.550826740604639 0.508574498942327 0.429481313467521 0.59201345550521 0.66758052538176
3.67642394395987 0.550451283218632 0.507954416320796 0.428410789594581 0.591900675946936 0.667913420000208
3.7000173248495 0.550081980375815 0.507327626010033 0.427322869820185 0.591822237380868 0.668250373300213
3.72361070573913 0.549714198052546 0.506704165474742 0.426260332351476 0.591712723936844 0.668605997771442
3.74720408662876 0.54934811547481 0.506072646706668 0.425196728316228 0.591619526116503 0.668932959694787
3.7707974675184 0.548994004428465 0.505436507155529 0.424124110707604 0.591538384324855 0.669262565299084
3.79439084840803 0.548636521612399 0.504821990050147 0.423052487424439 0.591462480576848 0.669619201921058
3.81798422929766 0.548280641429872 0.504213311314342 0.42202244904977 0.591357469137048 0.669959700249132
3.84157761018729 0.547885537390362 0.503567155247972 0.420909365749529 0.591250161912933 0.670282927820401
3.86517099107692 0.547512717095442 0.502954859341762 0.41980976525562 0.591150244248393 0.670612740560393
3.88876437196656 0.547158901883495 0.502324039667259 0.418761228044976 0.591050168389828 0.670884494664961
3.91235775285619 0.546780603589637 0.501694415921699 0.417622002802697 0.590957636301077 0.671212061933136
3.93595113374582 0.546428186861054 0.501060222861794 0.416573980706843 0.590852044747987 0.671555944289264
3.95954451463545 0.546036787187351 0.500448848226179 0.415476116033679 0.590706685544874 0.671919058925257
3.98313789552508 0.545681724140008 0.49982126717612 0.414370254957208 0.590604541736515 0.672282249054774
4.00673127641472 0.545312110504034 0.499186643054683 0.41322641122204 0.590490067787639 0.672691834343636
4.03032465730435 0.54495415752676 0.498536294137767 0.412154857885343 0.590378574887369 0.673086861919665
4.05391803819398 0.544601606517664 0.497893598855934 0.411095509621712 0.590277805901576 0.673436714383281
4.07751141908361 0.544216633688972 0.497247958898905 0.410027640459136 0.590196294691676 0.673776942768852
4.10110479997324 0.543846551759983 0.496612866270015 0.408953207478758 0.590093902786202 0.674133137641824
4.12469818086288 0.543473732721783 0.495973277523189 0.407876583844027 0.589984380748661 0.674467956820457
4.14829156175251 0.543111622901984 0.49534756466219 0.406829586247397 0.589897610603253 0.674823187292927
4.17188494264214 0.542751400691968 0.494717795995113 0.405753250288608 0.589798568744835 0.675171272025739
4.19547832353177 0.54236555063943 0.494102070451848 0.404692635574914 0.589693872203209 0.675508107527405
4.2190717044214 0.541986276961375 0.493479693073412 0.403646822743045 0.589590877056365 0.675840190356266
4.24266508531104 0.54162867223458 0.492860561947305 0.402576707514977 0.589461140633819 0.676171927729084
4.26625846620067 0.541280900032113 0.492222588549727 0.401520453607044 0.58937419821306 0.676475180444361
4.2898518470903 0.540914425565066 0.491602356095323 0.400429576163223 0.589251698366942 0.676798367861115
4.31344522797993 0.540554996437238 0.490968621321488 0.399384661266651 0.589144433859872 0.677143642771692
4.33703860886957 0.540178402531174 0.490380143523031 0.398305437525821 0.589017083587371 0.677490049432837
4.3606319897592 0.539793747859107 0.489755030941058 0.397288312845185 0.588923552425592 0.677813990598192
4.38422537064883 0.539430154697059 0.489146908578442 0.396252552700768 0.588840927923049 0.678123602093654
4.40781875153846 0.539048300034168 0.488532798895228 0.39516660856199 0.588773559856922 0.678453497941151
4.43141213242809 0.538668186639771 0.487903085202595 0.394085919099388 0.588684040920419 0.678794466970702
4.45500551331773 0.538297356626203 0.487252342638723 0.393033052595631 0.58856861579468 0.67912520713478
4.47859889420736 0.537918876700499 0.486634571888504 0.391990757292461 0.588429668407285 0.679466283641359
4.50219227509699 0.537552684644782 0.486003402234634 0.390934102656463 0.588309813967991 0.679799386075181
4.52578565598662 0.5371691300453 0.485371697111656 0.389876935471877 0.588196023691299 0.680145837708106
4.54937903687626 0.5368315250972 0.484726919975732 0.38879353390091 0.588089512745042 0.680518298427943
4.57297241776589 0.536444665405236 0.484115161716834 0.387741932770235 0.587983622872008 0.680871022658722
4.59656579865552 0.536056899554142 0.483496339594674 0.386653136008993 0.587890968517207 0.681200926839189
4.62015917954515 0.535694496918936 0.482876837888314 0.385576072300137 0.587792593981993 0.681564980776246
4.64375256043478 0.535346389112975 0.482242125615859 0.384520941394257 0.587677337606705 0.681890054333272
4.66734594132441 0.534991506415028 0.481630704119796 0.383455232396625 0.587565404048184 0.682259994310219
4.69093932221405 0.534646238079433 0.481016629785527 0.382397129090887 0.587457024634622 0.68259189436163
4.71453270310368 0.534270786196064 0.480406608983754 0.381356926250006 0.587341985625307 0.682967288232964
4.73812608399331 0.533886229174774 0.479765346562807 0.380358436013951 0.587243313710133 0.683317275639455
4.76171946488294 0.533523936462776 0.479134627252845 0.379378559979675 0.587145259223217 0.683638336423724
4.78531284577257 0.533144563277849 0.478510967960437 0.378321521359579 0.587048280970655 0.68399516784428
4.80890622666221 0.532783463065791 0.4778801125336 0.377238013693947 0.586932814341216 0.684296128356539
4.83249960755184 0.532409825617284 0.477236724756741 0.376189451183563 0.586840419110739 0.684645943597351
4.85609298844147 0.532052751068142 0.476614094513726 0.375137779623426 0.586740472990647 0.685040515451504
4.8796863693311 0.531694536391338 0.475982993904574 0.374141055126359 0.586630765494248 0.685379293887941
4.90327975022074 0.531333269007427 0.475354147144966 0.373074692707957 0.586540430626367 0.685739962722853
4.92687313111037 0.530968922206702 0.474750611818126 0.372002138318862 0.586431636362554 0.68610472596172
4.950466512 0.530592516226373 0.474132295005095 0.370950083027021 0.586311364238642 0.686427374903468
