"x" "mean" "lwr1" "lwr2" "upr1" "upr2"
-1.101512319495 0.458662373498308 0.438825847635733 0.399977424248679 0.47777242705014 0.508286060106734
-1.08913161750557 0.459245408635391 0.439586713572539 0.401009881282351 0.478194756824571 0.508474171278611
-1.07675091551614 0.459819120165349 0.440342480484712 0.402094388747475 0.478616941114411 0.508645138521674
-1.06437021352671 0.460433010702076 0.441140698851686 0.403173928216202 0.479017928945145 0.508831453350397
-1.05198951153727 0.461022025166983 0.441915301771925 0.404242197373056 0.479436044808728 0.508971278633785
-1.03960880954784 0.461614457792325 0.442690397773506 0.405300822016539 0.479845040042093 0.509228987437264
-1.02722810755841 0.462214271573879 0.443486763895888 0.406344442639048 0.480249001298059 0.509364200472922
-1.01484740556898 0.462793141259278 0.444246749960901 0.407348565989081 0.480659988284533 0.509549523683327
-1.00246670357955 0.463392262399872 0.445005594953656 0.408374082310325 0.481099361538606 0.509731032368198
-0.990086001590117 0.463996927598813 0.445774161848763 0.409434443494085 0.48150197127591 0.509898565248882
-0.977705299600686 0.464606077634979 0.44654145002566 0.41054941919021 0.481911974999172 0.510082454036868
-0.965324597611254 0.465204597779897 0.447274995279669 0.411637293383665 0.482324388471199 0.510283089504105
-0.952943895621823 0.465799773933142 0.448048900960881 0.412652112152972 0.482767382832179 0.510514015822567
-0.940563193632391 0.46636639459413 0.448804300726416 0.41366838928788 0.483220356583901 0.510714552963477
-0.92818249164296 0.466950219157675 0.44954737430466 0.414778474227089 0.483650548952318 0.510892057905709
-0.915801789653528 0.467549959633834 0.450260828801211 0.415816656373628 0.484066218766659 0.511132680887666
-0.903421087664097 0.468134957313348 0.451027977456234 0.416855661365275 0.484488880594238 0.511386298731204
-0.891040385674666 0.46870711884527 0.45178026291066 0.417849576190622 0.484902359439511 0.511660638732415
-0.878659683685234 0.46931662051681 0.45252132579435 0.418833801793619 0.485342021697901 0.511924274352755
-0.866278981695803 0.469924346727914 0.453258418391618 0.419867645555479 0.485788894059078 0.512237626031465
-0.853898279706371 0.470515740096488 0.454001669624637 0.420939545761599 0.486233301326459 0.512520838599938
-0.84151757771694 0.471105471553531 0.454759812867116 0.421943271820617 0.486687574545821 0.51286162697071
-0.829136875727508 0.471701633359031 0.455510529554151 0.422955643469614 0.487126089969136 0.513146317704207
-0.816756173738077 0.47229625238965 0.456270613650517 0.42395979431727 0.487562135461 0.513470551121015
-0.804375471748646 0.472876821732102 0.45702693006855 0.424967616537191 0.487997929584743 0.513771626893996
-0.791994769759214 0.473476421720907 0.457749622602033 0.425937047315042 0.488440326748234 0.514099754305445
-0.779614067769783 0.474077757040043 0.458495084437963 0.426970041252712 0.488893819434408 0.514410949071147
-0.767233365780351 0.474664599910059 0.459224825898749 0.427958540855538 0.489349930649026 0.514731095857212
-0.75485266379092 0.475259740158914 0.459955619171038 0.428958185228638 0.489796159637189 0.515099813145246
-0.742471961801488 0.475851720339726 0.460668926599015 0.429971873941168 0.490253029444039 0.515459941195312
-0.730091259812057 0.476443994904817 0.461385558744256 0.430960644915998 0.490717021343666 0.515824397252628
-0.717710557822625 0.477018735626342 0.46210505325582 0.431917424258907 0.491209886740274 0.516184091781931
-0.705329855833194 0.477629880652188 0.46281337778588 0.432827577599131 0.491669230195776 0.516530791808959
-0.692949153843763 0.478223361257602 0.463514338504393 0.433759998501139 0.492122562659202 0.516871916931746
-0.680568451854331 0.478822545044784 0.464216811150401 0.434685174565113 0.492569935405325 0.517296430048245
-0.6681877498649 0.479402455093255 0.46492560441937 0.435603070104143 0.493030958287463 0.517725109560755
-0.655807047875468 0.479982929437179 0.465641797712109 0.436513943070734 0.493502672302772 0.518171406547654
-0.643426345886037 0.480561416425735 0.466332620589799 0.43744650800915 0.493970837685214 0.518610069728095
-0.631045643896605 0.481130173643131 0.467021070086398 0.438327880282176 0.494448037221582 0.519057618261547
-0.618664941907174 0.481710056197911 0.46767476614242 0.439194380249031 0.494938894722962 0.519535834680767
-0.606284239917742 0.482290632171696 0.468376807545058 0.440050005664587 0.495441225874721 0.520037817540908
-0.593903537928311 0.482862184331819 0.469073379843111 0.440912953819432 0.495942536282796 0.520510434907981
-0.58152283593888 0.483447708198382 0.469749933134482 0.441771001670388 0.496441365957159 0.520973039346196
-0.569142133949448 0.484024214391987 0.47042612440065 0.442638800358369 0.496937102406103 0.521517077997936
-0.556761431960017 0.484599563268556 0.471085280137874 0.443488073381639 0.497434048487442 0.522002639475225
-0.544380729970585 0.485163306390484 0.471770582823407 0.444355247468842 0.497959003343414 0.522555566690802
-0.532000027981154 0.485739976274311 0.47244380872707 0.445135872083935 0.498469676257222 0.52312324471971
-0.519619325991722 0.486334374231726 0.473118299698857 0.445924166107083 0.498983631551119 0.52367204662954
-0.507238624002291 0.486916982529151 0.473767227235733 0.446739330958321 0.499506156167588 0.524295130330915
-0.49485792201286 0.487482445629659 0.474425234843674 0.447546684949209 0.500032368315899 0.524833350166959
-0.482477220023428 0.488047135969719 0.475086689296938 0.448338262312973 0.500561363439912 0.525429542716237
-0.470096518033997 0.488612992880541 0.475705566807341 0.449073765291312 0.501113535835569 0.525992635413804
-0.457715816044565 0.48920443115041 0.476339126894396 0.449829055329241 0.501658905490317 0.526626210321809
-0.445335114055134 0.489779735186871 0.476952948439085 0.450604952114512 0.502201112983566 0.527213599851313
-0.432954412065702 0.490351665904537 0.477576582941271 0.451344753671189 0.502760834930272 0.527824362526044
-0.420573710076271 0.490922038653997 0.478192210226542 0.452059695099721 0.503305517275609 0.528441190448743
-0.408193008086839 0.491498413272878 0.478796233090233 0.452775381905969 0.50388518008712 0.52911421314089
-0.395812306097408 0.492076343069932 0.479403519435834 0.453482670738428 0.504437375380394 0.529786365069477
-0.383431604107977 0.492642278871576 0.480000523354731 0.454174076275162 0.50501927748164 0.530462323545396
-0.371050902118545 0.493180972573733 0.480607203124762 0.454813456832387 0.505567006579583 0.531105159755895
-0.358670200129114 0.493734440238884 0.48119354056861 0.455490802620347 0.506116313921897 0.5317567797853
-0.346289498139682 0.494302141646311 0.481785079702115 0.456209183261476 0.506701034309898 0.532458573648388
-0.333908796150251 0.494863568862113 0.482386851728022 0.456879316636635 0.507282878359531 0.533179389202143
-0.321528094160819 0.495415642100002 0.482997138407649 0.457528763001651 0.507874206919567 0.533853805183185
-0.309147392171388 0.495988207143478 0.483560007651419 0.458179568200582 0.508473329290203 0.534652097617547
-0.296766690181957 0.496552062922246 0.484123930033213 0.458887686324459 0.509092926554832 0.535420306785112
-0.284385988192525 0.497153439326743 0.48466105604764 0.459565450504367 0.509709914607219 0.536197058143552
-0.272005286203094 0.497723227149664 0.48522989339018 0.460138233944497 0.510335551705133 0.537005269454627
-0.259624584213662 0.498279101424254 0.485791329613088 0.460686625404221 0.510968922790955 0.537770228729254
-0.247243882224231 0.498856726394655 0.48629303896881 0.461266354596572 0.511597101628739 0.538605058151556
-0.234863180234799 0.499407885470039 0.486819496715446 0.461860345515402 0.512248198998771 0.539416221973672
-0.222482478245368 0.499949607866379 0.487383819225062 0.462383302875131 0.512861621226297 0.540207623450772
-0.210101776255937 0.500528460560862 0.487912860357883 0.462956103904862 0.513504506719235 0.541067241266082
-0.197721074266505 0.501093243920246 0.488438495036937 0.463525303385663 0.514128033727289 0.541921895831574
-0.185340372277074 0.50165344546613 0.488951002624404 0.464096513156871 0.51480418242027 0.542786958990771
-0.172959670287642 0.502220624584535 0.489467984430009 0.464639000713248 0.515468307687126 0.543639065819603
-0.160578968298211 0.502794443903422 0.489981156720456 0.465132074849105 0.516110193284227 0.544548628904282
-0.148198266308779 0.503352143760906 0.490482284717327 0.465619475484063 0.516769917039356 0.545461770645676
-0.135817564319348 0.503930387479545 0.49099055947861 0.466136948995055 0.51747475722935 0.546317854793388
-0.123436862329916 0.504487029480295 0.491475355852077 0.466673399112157 0.518157419043017 0.547218293912821
-0.111056160340485 0.505046705797783 0.49196459216255 0.467125389970686 0.518851107070116 0.548164893515793
-0.0986754583510536 0.505624960512687 0.492467557322353 0.467559550356897 0.519545711375755 0.549055079869295
-0.0862947563616221 0.506191149892982 0.492934681949708 0.468000883968019 0.520218398990959 0.550006840785224
-0.0739140543721906 0.506774950090514 0.493418062935266 0.468444113739883 0.520917285943996 0.550952818711295
-0.0615333523827593 0.507337637586641 0.493890889973491 0.468860556596351 0.521632183476349 0.551794482990108
-0.0491526503933277 0.507914051051798 0.494359633352741 0.469318459232535 0.522321043282755 0.552739086735907
-0.0367719484038964 0.508474468087349 0.49483244354108 0.469671287455623 0.523015483432775 0.553654734138351
-0.0243912464144649 0.509035970006801 0.495297952954959 0.470036459639182 0.523721438528671 0.554600059994556
-0.0120105444250334 0.509612636759482 0.495764336317877 0.470406475084833 0.524411622880215 0.555573409657331
0.000370157564397955 0.510201987730705 0.496238319601301 0.470815138283558 0.525137071802861 0.556573969515364
0.0127508595538295 0.510773476059779 0.496694002732014 0.471242325343678 0.525850993075415 0.557509328611046
0.0251315615432608 0.51133377446944 0.497165349826437 0.471608126077737 0.526537157427237 0.558505380654144
0.0375122635326923 0.511925782118986 0.497621067617048 0.471946639325986 0.527249409199104 0.559467513099124
0.0498929655221236 0.512490763129423 0.498088377933824 0.472335422850161 0.527974588769274 0.560588650251616
0.0622736675115552 0.513062701628103 0.498521371534883 0.472641260427359 0.528732336980774 0.561633758237911
0.0746543695009867 0.513634164808402 0.498967913484139 0.472958051240789 0.529462407003908 0.562643612131866
0.087035071490418 0.514210670499458 0.499416255311461 0.473343659848808 0.530192516535746 0.563705321900952
0.0994157734798495 0.514804554270882 0.499854658812974 0.473647258289662 0.530922341466136 0.564715034933311
0.111796475469281 0.515370753597568 0.500272391244682 0.473946804197918 0.531664706810285 0.565759998150498
0.124177177458712 0.515923397899945 0.500690523403807 0.474225826617196 0.532435411777273 0.566780962206838
0.136557879448144 0.516497109267365 0.501129784318874 0.47449956302123 0.533203408607849 0.567794858981504
0.148938581437575 0.517058398347895 0.501568204009067 0.474809205742545 0.533959510034698 0.56884683908399
0.161319283427007 0.517639744295751 0.502000271733609 0.475128696013404 0.534700637517196 0.569937614360095
0.173699985416438 0.518219171602249 0.50243149660429 0.475398063378703 0.535446782609514 0.570976260042752
0.18608068740587 0.518803197139905 0.502846682095043 0.475672036792873 0.536193130592594 0.572009568653463
0.198461389395301 0.519378213315642 0.503261521956621 0.475905922290601 0.536941684174947 0.573061509028093
0.210842091384732 0.51996785503541 0.503685629619738 0.476151117932926 0.537710709032405 0.574173979135379
0.223222793374164 0.520554102880144 0.504100636256202 0.476400706442584 0.538487859869935 0.575237275423449
0.235603495363595 0.521137654218338 0.504525616883868 0.476597930886429 0.539250436467268 0.576366409495554
0.247984197353027 0.521703502416502 0.50496743776679 0.476844416302947 0.540025886118636 0.577456512874471
0.260364899342458 0.522288242698493 0.505397931796203 0.477077178590183 0.540784001260017 0.578563672551535
0.27274560133189 0.522881217249211 0.505825109236198 0.477294730859873 0.54154417603122 0.579709053469936
0.285126303321321 0.523478266431758 0.506237170644053 0.477435099346183 0.54230257895749 0.580825296103171
0.297507005310752 0.524071471719548 0.506658876910024 0.477688856766127 0.543045121451009 0.581942588082972
0.309887707300184 0.524645941387122 0.507084272591679 0.477889962114925 0.543800739648357 0.583028587043817
0.322268409289615 0.525272755105564 0.507490474175244 0.478150933899234 0.544593957079677 0.58407105226982
0.334649111279047 0.525843441246504 0.507893756526565 0.478375218977798 0.545390321939134 0.585192197525391
0.347029813268478 0.526429835601909 0.508323146798066 0.478574144405264 0.546165769223491 0.58625528677678
0.35941051525791 0.527012398953353 0.508735127306268 0.478789178430209 0.546945605116111 0.587389300171358
0.371791217247341 0.527591186457162 0.50916058645128 0.478963386225629 0.547721064606967 0.588529062856155
0.384171919236773 0.528167692587077 0.509551591594297 0.479168790546728 0.548500187596772 0.589675059769587
0.396552621226204 0.528771447177315 0.509947543056584 0.479349669810543 0.549271290220641 0.590795256049054
0.408933323215635 0.529368807069273 0.510382413811019 0.47951899117936 0.550050540337245 0.59192744719404
0.421314025205067 0.529930809502957 0.510793885809284 0.479722354404187 0.550810329747915 0.593023659009978
0.433694727194498 0.530497882520708 0.511188048742765 0.479901876932081 0.551605893495582 0.594207157169225
0.44607542918393 0.531063732809531 0.511621580169648 0.480064813933535 0.552401052904057 0.595354466401181
0.458456131173361 0.531659223489702 0.512034098931829 0.48020859716572 0.553195372002085 0.596467668521644
0.470836833162793 0.532232970123904 0.512424984865353 0.480340049721312 0.553985403459073 0.59767185658984
0.483217535152224 0.532825259360354 0.512820029769118 0.480496945097931 0.554786957746999 0.598813294347295
0.495598237141656 0.533409493907817 0.513214981781679 0.480633046802439 0.555561255746194 0.599943596494776
0.507978939131087 0.534000152504573 0.513632593969688 0.480747311674346 0.556357454677621 0.601053635211945
0.520359641120518 0.534586664290345 0.514014789202478 0.480820635375763 0.557154306979797 0.602207501952179
0.53274034310995 0.53517125973198 0.514390557986979 0.480926342276615 0.557961281505951 0.603401363472877
0.545121045099381 0.535771340980012 0.514783956033941 0.481066575757891 0.558747634439334 0.604534169772987
0.557501747088813 0.536361632330326 0.515169442537135 0.481152505123283 0.55955843347924 0.605720327608054
0.569882449078244 0.536935688602721 0.515557198641631 0.48125909800237 0.560321737408024 0.606819653411424
0.582263151067676 0.537531135860985 0.515938421474763 0.481361092415473 0.561095063868523 0.607964253014715
0.594643853057107 0.538113314766013 0.51628488498954 0.48145504942786 0.561882168230174 0.609095935249041
0.607024555046539 0.538729279315075 0.516694738793747 0.481544947566653 0.562635763200421 0.61029260562559
0.61940525703597 0.539285663978826 0.51706503386369 0.481677214241454 0.563417790466283 0.611422913665288
0.631785959025401 0.539862728326061 0.517465311359223 0.481779369632775 0.564199191180579 0.61260534552044
0.644166661014833 0.540448288101721 0.517855614861494 0.48181462247119 0.564996078879291 0.613746789838589
0.656547363004264 0.541024558646024 0.518260302990089 0.481911500030297 0.565802919600877 0.614898816390174
0.668928064993696 0.541606770423423 0.518660986504622 0.482016058310539 0.56657979299342 0.6160350551427
0.681308766983127 0.54218674039662 0.519049099101682 0.48211271519265 0.567346095511871 0.617181374891928
0.693689468972559 0.54275583510829 0.519445363414735 0.482190338246408 0.568116565186701 0.618296254901621
0.70607017096199 0.543312730458879 0.519853349098278 0.482297567496031 0.568899278561709 0.619489849108218
0.718450872951421 0.543906176990154 0.520232823904476 0.48240540506418 0.569692373435524 0.620613157058626
0.730831574940853 0.544509810412628 0.520623257646659 0.482488163271476 0.570480204231051 0.62177851074987
0.743212276930284 0.54509119994024 0.5210068075349 0.482566741005978 0.57125910970021 0.622834266687048
0.755592978919716 0.545676101226976 0.521392951306043 0.48265786079828 0.572033612991393 0.623947844771106
0.767973680909147 0.546249759235514 0.521766811633439 0.482675760598214 0.57284469554493 0.625140858502734
0.780354382898579 0.546825760867749 0.522152109520537 0.482747090865987 0.573630590027553 0.626293821826555
0.79273508488801 0.547406709479877 0.522522390240689 0.482801892922697 0.574434529882645 0.627382682087742
0.805115786877441 0.548007863641923 0.522896246930509 0.482882347549367 0.575224212864325 0.628502622328091
0.817496488866873 0.548591730909679 0.52328687369371 0.482963204993781 0.576025272438742 0.629705245199948
0.829877190856304 0.54915848062093 0.523670015575626 0.482986228580722 0.576810496313256 0.630882901023313
0.842257892845736 0.549760028428481 0.524048997898796 0.483063040331929 0.577604014987163 0.63196939115527
0.854638594835167 0.550354585817524 0.524418294490387 0.483118080973848 0.578414531884334 0.633190926018126
0.867019296824599 0.550931526068118 0.524794025350926 0.483219806178176 0.579213204027238 0.634329963723126
0.87939999881403 0.551514983734991 0.525179573206453 0.483293207251365 0.580003739115667 0.635495057061293
0.891780700803462 0.552096050810125 0.525553536975537 0.483306390551931 0.580818119825439 0.636674727928322
0.904161402792893 0.552662265156165 0.525919856612644 0.483346632254437 0.58159879665666 0.637858266144103
0.916542104782325 0.553232687747378 0.526310785047051 0.483410890807791 0.582387978158565 0.638986078122328
0.928922806771756 0.553811627959159 0.526696515039281 0.483449923220451 0.5832013264188 0.640195225443796
0.941303508761187 0.554386350427865 0.527083737428376 0.483485717525261 0.583985526003491 0.64140021732557
0.953684210750619 0.554982145190286 0.527475405792379 0.483555438331655 0.584767196321752 0.642498470268012
0.96606491274005 0.555577819959586 0.527852525687291 0.483633120094621 0.585556238638982 0.643715049085058
0.978445614729482 0.556166263655825 0.528224970269877 0.483694910478184 0.586336892610941 0.644860458960447
0.990826316718913 0.556780957717082 0.528610892785564 0.483692575697417 0.587148630464793 0.646058077089668
1.00320701870834 0.557359515438244 0.528981104507685 0.483688497719169 0.587947920581099 0.647267670758908
1.01558772069778 0.55794315212862 0.529361067960974 0.483756688890321 0.588729633891798 0.648375120465986
1.02796842268721 0.558537079463319 0.529726924954296 0.483755240931271 0.589532992185305 0.649467981686684
1.04034912467664 0.559124640691813 0.53009989804198 0.483839020365535 0.590308662272472 0.650577926642217
1.05272982666607 0.559701295119339 0.530449574100379 0.483899915278769 0.591106852586785 0.651701301459931
1.0651105286555 0.560289605964446 0.530828107078832 0.483963921105335 0.591909192259277 0.652844655662326
1.07749123064493 0.560886270777271 0.531198805663906 0.4840032945572 0.59271437406151 0.653979699996985
1.08987193263436 0.561448843223292 0.53156769970737 0.484047373884733 0.593497924750328 0.655082199917656
1.1022526346238 0.562018273723689 0.531923811926473 0.484053060325204 0.594310710052165 0.656233337168935
1.11463333661323 0.56262484053468 0.532301408378747 0.484059565332292 0.595097775702624 0.657410157983789
1.12701403860266 0.563207745882867 0.532668170993155 0.484078917830045 0.595894183870514 0.658546699171065
1.13939474059209 0.563801276152453 0.533016502194515 0.48413105591083 0.596694481359775 0.659726808639058
1.15177544258152 0.56438803955753 0.533408019453313 0.484191389934763 0.597508343539857 0.660860359303245
1.16415614457095 0.564982967974668 0.533785493665622 0.484176057737492 0.598310736759037 0.662018505614571
1.17653684656038 0.565572734045907 0.534131851301546 0.484228728422352 0.599098324191007 0.663182612983789
1.18891754854982 0.566157719065946 0.534493847586998 0.484289739363137 0.59990079030065 0.664350688454006
1.20129825053925 0.56676611786792 0.534856938832308 0.484306117080014 0.600698912266687 0.665495176622057
1.21367895252868 0.567333791224623 0.535210275999666 0.484318101635281 0.601517646608764 0.666602444879783
1.22605965451811 0.56789556703164 0.535606279685402 0.484325400881299 0.602305232489184 0.667764042802301
1.23844035650754 0.568497396273722 0.535964211084899 0.484356818369345 0.60307548490041 0.668886798887166
1.25082105849697 0.569088049098712 0.536321668326301 0.484375181095076 0.603882795105983 0.67001990785201
1.2632017604864 0.569673975871499 0.536670067379834 0.484358240663924 0.604671650956572 0.671110604620594
1.27558246247584 0.57025722216433 0.537055722662351 0.484346444801335 0.605439870247607 0.672225628858722
1.28796316446527 0.570853036094474 0.537434902674065 0.484356178851045 0.606203185253672 0.673332179559698
1.3003438664547 0.571419479552951 0.537820104797868 0.484399304648533 0.606982096275649 0.67445797833967
1.31272456844413 0.571983902127927 0.538167239636822 0.484426503781473 0.607779634555705 0.675584694932912
1.32510527043356 0.572569847266975 0.538539782648399 0.484428490451497 0.60856789926239 0.67667591900995
1.33748597242299 0.573138574287938 0.538909207800914 0.484444308786415 0.609352284085606 0.677822376000553
1.34986667441242 0.57371662037694 0.539258447646591 0.484420442822723 0.610119148684503 0.678911256915712
1.36224737640186 0.574290503504611 0.539623607314873 0.484431732483133 0.610915875099142 0.680028465873854
1.37462807839129 0.574855559972195 0.539982082930735 0.484473182108159 0.611680525671279 0.681102959491523
1.38700878038072 0.575424915408484 0.540363869248696 0.484443719439121 0.612483975182722 0.682247744212795
1.39938948237015 0.57600924488628 0.540746475597691 0.484460121254554 0.613275395711861 0.683320192090529
1.41177018435958 0.576583183451888 0.541114568054206 0.484453614676135 0.614085805908 0.684423366794975
1.42415088634901 0.577168018249561 0.541482107966053 0.484464243853141 0.614855308218211 0.685498763264961
1.43653158833844 0.57773521935314 0.541837051015549 0.484462951078226 0.615626508230879 0.686570723490922
1.44891229032788 0.578306635776257 0.542190993873514 0.484509603954091 0.616415202153485 0.687697750696226
1.46129299231731 0.57889021945804 0.542550004992512 0.484526485499081 0.617205643038306 0.688804485168163
1.47367369430674 0.579465380532864 0.542912792356642 0.484536091534745 0.618010701921929 0.689852870889769
1.48605439629617 0.580043487923126 0.543273561853427 0.484571689569923 0.618758749862654 0.69093769297006
1.4984350982856 0.580611294036636 0.543634811806018 0.484623097703487 0.619545536718716 0.692042279330849
1.51081580027503 0.581195103336801 0.543978189177035 0.484637603862737 0.620316251324431 0.693134343884124
1.52319650226446 0.581770562568133 0.544322539232462 0.484630480888643 0.62107412640028 0.694203017104735
1.5355772042539 0.582329380484434 0.544692663338104 0.484653915593051 0.621868301515609 0.695302130226568
1.54795790624333 0.582894902910809 0.54507228575543 0.484690932246556 0.622648250326319 0.696395557890556
1.56033860823276 0.583463601965664 0.545438204847925 0.484708133707865 0.623412998220415 0.697454275928479
1.57271931022219 0.584026769816825 0.545801666243151 0.484713051207479 0.624200076782881 0.698512590400345
1.58510001221162 0.584607933986824 0.546154803295233 0.484690976452963 0.624991017353285 0.699599302126736
1.59748071420105 0.585168868023144 0.546514186976705 0.484686146570095 0.62576027511698 0.700708262102197
1.60986141619048 0.585715194394377 0.54686634277001 0.484648637908773 0.626542096216229 0.701790886103705
1.62224211817992 0.586294265466574 0.547235380075092 0.484671093498485 0.627315134120157 0.702831167540761
1.63462282016935 0.586865830212309 0.547600533413258 0.484647009638986 0.62811208335445 0.703896514904961
1.64700352215878 0.587451999629596 0.547972551854512 0.484651616729561 0.628897536104751 0.70496772680812
1.65938422414821 0.588014438153996 0.548333501780507 0.484656882343769 0.629696907420195 0.7060154692116
1.67176492613764 0.588584923027118 0.548698827157617 0.484623237890127 0.630468836752431 0.707120740446204
1.68414562812707 0.589159379266552 0.549055907991244 0.484664984381047 0.631232619407896 0.708244838491083
1.6965263301165 0.589699404377039 0.549408408199383 0.484637708630282 0.632012156890189 0.709301281665382
1.70890703210594 0.59027388590562 0.549763873292271 0.484627981609246 0.632785358579957 0.710440970883849
1.72128773409537 0.59085473050634 0.550118803410055 0.48461894911639 0.633571981802871 0.711508313551051
1.7336684360848 0.591441028495544 0.550475467272544 0.48460620508463 0.634346922597807 0.712571982073482
1.74604913807423 0.592019936676977 0.550841485693585 0.484613005596137 0.635121841134776 0.71362618677841
1.75842984006366 0.592607419267055 0.551193625261609 0.484625812675296 0.635891554836209 0.714690708287783
1.77081054205309 0.593176766606336 0.551549042469649 0.484679664678567 0.636649676556292 0.715716973226301
1.78319124404253 0.59373677923083 0.551895813196267 0.484699322697186 0.637432530402267 0.716796477241771
1.79557194603196 0.594314917537167 0.552257139545297 0.484683475195712 0.638197089690055 0.717836258254884
1.80795264802139 0.594890960087015 0.552634585762534 0.484678092783927 0.638959937964473 0.718890071244858
1.82033335001082 0.595460773861006 0.553020336283303 0.484685597595679 0.639707334866067 0.719955058367392
1.83271405200025 0.596013806813093 0.553380332621222 0.484687374770122 0.640460961557813 0.720981471529709
1.84509475398968 0.596585443499369 0.55372747499566 0.484695796985752 0.641240876834867 0.722042785041388
1.85747545597911 0.597152326281692 0.554081483002301 0.484725112350462 0.64199225144127 0.72308691360192
1.86985615796855 0.597720390443411 0.554446331471146 0.484727449320675 0.642765098024728 0.724105729308343
1.88223685995798 0.598258862235007 0.554772123736304 0.484686657220184 0.643543372559298 0.725141118840225
1.89461756194741 0.598809650667507 0.555137253744153 0.484660693119699 0.644317259577557 0.726155495066081
1.90699826393684 0.59938311217506 0.555490722557199 0.48468428676973 0.645074856000748 0.727166761505986
1.91937896592627 0.599963042065508 0.555830563645695 0.484697135473406 0.645809522432852 0.728193022611651
1.9317596679157 0.600527239190809 0.556184578131696 0.484661396196056 0.646595336050494 0.729235630705111
1.94414036990513 0.601086219152528 0.556545305208204 0.484689234368594 0.647351559853924 0.730252291896802
1.95652107189457 0.601640051427841 0.556884939686528 0.484704697971815 0.648090685252152 0.731240019068755
1.968901773884 0.602197967815774 0.557236693154809 0.484756542426263 0.648856195976435 0.732265603290583
1.98128247587343 0.602765525354572 0.557579653596082 0.484708492584818 0.649602541872705 0.733296838113466
1.99366317786286 0.603337476305488 0.557929540286101 0.484730719171586 0.650371229313655 0.734337273933152
2.00604387985229 0.603911484430042 0.558311862142121 0.484723275520648 0.651105764144212 0.735347862195932
2.01842458184172 0.604459700193199 0.558669417675621 0.484686813112492 0.651891915498975 0.736403448102927
2.03080528383115 0.605029704469756 0.559020569991532 0.484722037264032 0.652616723953704 0.737462346012075
2.04318598582059 0.605595785906168 0.55937507838992 0.484762292441687 0.653360364984815 0.738476714386416
2.05556668781002 0.606138425392367 0.559725063989351 0.48476120271066 0.654110750399962 0.739473243542317
2.06794738979945 0.606691403837507 0.560092932954828 0.48473073579303 0.654850991303213 0.740467174728506
2.08032809178888 0.607261190721947 0.560440009389059 0.484740925702118 0.655606388267917 0.741503097625693
2.09270879377831 0.607837766871372 0.560791224979109 0.484721594909681 0.656350439393296 0.742480868522121
2.10508949576774 0.608429731808365 0.561133649019101 0.484731581187348 0.657097706386763 0.743422049168421
2.11747019775717 0.608995745516421 0.561480447898671 0.484733762460379 0.657835217746222 0.744386656430869
2.12985089974661 0.609545317269419 0.561821519236179 0.484722553347605 0.658582176951968 0.745389981624555
2.14223160173604 0.610100387778584 0.562167010493752 0.484720402728036 0.659325815138944 0.746380151248274
2.15461230372547 0.610659071610645 0.562510733635172 0.484686272085967 0.660075457522788 0.747363482605268
2.1669930057149 0.611226883694166 0.562875875015721 0.484675460984932 0.660799635568753 0.748326460537195
2.17937370770433 0.611772967341424 0.563240355255489 0.48468963853197 0.661562631558587 0.749279532958152
2.19175440969376 0.612331798841817 0.563586761869402 0.484732145705418 0.662314604368169 0.75026273680243
2.20413511168319 0.61288140001933 0.563928357331018 0.484728433493069 0.663055353229751 0.751244502227814
2.21651581367263 0.613424720912939 0.564275694704296 0.484739397092626 0.663842593669437 0.752212855064407
2.22889651566206 0.6139890717776 0.564616313747386 0.484772770299941 0.664579296796635 0.753172388669841
2.24127721765149 0.614559060646518 0.564977437545606 0.484753070858309 0.665335380889016 0.754133422578588
2.25365791964092 0.615121248655157 0.56533526001077 0.48472681722932 0.666090795012781 0.755108892405205
2.26603862163035 0.615700349521334 0.56569353042644 0.484723128246095 0.666822767695975 0.756066230240812
2.27841932361978 0.616256782237342 0.566043887300777 0.484725832413409 0.667556114028098 0.757003575342191
2.29080002560921 0.616824765721374 0.566407708712011 0.48471006997119 0.66828464669925 0.757965444110873
2.30318072759865 0.617376334926499 0.566762717605661 0.484686536071835 0.669015370347146 0.758915525379857
2.31556142958808 0.617943112232465 0.567105623687377 0.48466324874714 0.669747920265156 0.759852171343085
2.32794213157751 0.618510416245671 0.567463325262731 0.484650649182216 0.67049870064524 0.760816040455399
2.34032283356694 0.619081687218767 0.567796484607144 0.484632640122206 0.671239669545855 0.761743819591289
2.35270353555637 0.619654505997731 0.568154893109315 0.484651869710719 0.671971219545217 0.762696975327911
2.3650842375458 0.620199318598824 0.568508532782604 0.484614760876189 0.672704312250132 0.763633547301586
2.37746493953523 0.620744579104751 0.568866143632276 0.484638043732989 0.673456949021128 0.764577122735319
2.38984564152467 0.621290761889529 0.569204950146568 0.484649604254625 0.674207430841805 0.765521339967954
2.4022263435141 0.621845696159804 0.569564252887418 0.484618867927538 0.674948443828661 0.766475680948822
2.41460704550353 0.622410535836377 0.569914614433098 0.484622890118648 0.675682227711896 0.767394632006975
2.42698774749296 0.622977509173006 0.570273502301462 0.484615149759047 0.67639219974329 0.768296771162038
2.43936844948239 0.623523842793223 0.570618046456213 0.48459327843056 0.677107389546512 0.769226213128062
2.45174915147182 0.624087747207893 0.570985876754944 0.484554023155473 0.677848794282972 0.770180842353797
2.46412985346125 0.624668816158995 0.571327820479619 0.484558434415562 0.678603462412067 0.771078647729646
2.47651055545069 0.625241645440262 0.5716842371586 0.484555678253785 0.679317350457895 0.77203460239013
2.48889125744012 0.625822580771892 0.572032967427474 0.484516312150894 0.680030428941127 0.772964187273083
2.50127195942955 0.626381322477936 0.572386480369291 0.484475250221776 0.680755673553335 0.773896229056892
2.51365266141898 0.6269317854752 0.572744817784545 0.484468570881571 0.681495124494017 0.774811213660854
2.52603336340841 0.627489702499189 0.573100355023688 0.484407591572021 0.682215412340181 0.775707898717066
2.53841406539784 0.628046902202752 0.573466537884433 0.48448074540394 0.682932401694102 0.776621861465931
2.55079476738727 0.628598022475611 0.573843315593242 0.484448411733765 0.683653462075146 0.777524756004134
2.56317546937671 0.629162144601713 0.574210784476889 0.48445439616769 0.684363582847229 0.778450252191143
2.57555617136614 0.62971577757751 0.574560502177385 0.4844317016714 0.685055869584418 0.779367510126999
2.58793687335557 0.630258245710889 0.574914303005447 0.484418177758476 0.685774830536442 0.780283836424694
2.600317575345 0.630787288299747 0.575256581449559 0.484398623959859 0.686516448957148 0.781135912729574
