bpt lgm_tot_p50 logM200_L RprojLW_Rvir sfr_tot_p50 color_gr zoo distance weights
0              1.747982260  -0.257199743  -0.960218978  -0.0527589131  0.78468941   E             0.87215514    1            
0             -0.414773119  -0.239955331  -0.957190986  -1.2015884438  0.60427626   E             0.73684652    1            
1              1.790156187  -1.217851469  -0.860219744  -0.5686822202  0.66994421   E             0.79215381    1            
0              1.830996072  -0.387050168  -0.805846223  -0.4410024354  0.55861252   E             0.78764679    1            
1             -0.061312558  -0.418366021  -0.855198340  -1.0632126832  0.62219585   E             0.75386651    1            
0              1.605846121  -1.143148675  -0.975864079  -0.6319043751  0.52803307   E             0.75826990    1            
0              1.888147655  -1.143148675  -1.035847805  -0.4617862120  0.62651217   E             0.79651714    1            
0              2.963416038  -0.072236176  -0.964835196  -0.1514576907  0.80269015   E             0.84365444    1            
1              0.896711701  -0.770014079  -0.757996334  -1.1136835620  0.78461333   E             0.75619071    1            
1              1.495757315   1.110178694  -0.707351579  -0.8213821396  0.51665137   E             0.72774068    1            
1              1.736188114  -0.982879106  -0.978682525  -1.0393064313  0.93403112   E             0.77777705    1            
0              3.225615981   0.001362977  -0.931813475  -0.6579424271  0.62517822   E             0.73241352    1            
0             -0.462556088  -0.036643708  -0.841154938  -0.6999065053  0.28174910   E             0.74784451    1            
1              1.229312693  -0.450061251  -0.975333271  -0.7590869098  1.03702942   E             0.84354709    1            
1              1.653992919  -0.032987893  -0.723309973  -0.7732547109  1.10448781   E             0.84450346    1            
0              1.242319605   1.562361676  -0.603055338  -1.0039494036  0.77779648   E             0.76299352    1            
1              0.695695788   1.562361676  -0.616265067   1.0404877532  0.23647590   E             0.91376305    1            
0              0.678535153  -1.209470685  -0.859473711  -0.7917906623  0.28202806   E             0.70018332    1            
1             -0.351648665  -0.719039596  -0.775250000  -1.3943161836  0.73104731   E             0.73196466    1            
0              2.647399618  -0.719039596  -0.997559216  -0.4540520614  0.52380805   E             0.75838143    1            
1             -0.435420455  -0.345042780  -0.512723582  -1.0412622815  0.61432401   E             0.76522850    1            
1             -0.731274646  -0.002844660  -0.408072521  -0.6578786771  0.24571212   E             0.75373883    1            
1              0.381286282  -0.002844660  -0.752622076  -0.8618340677  0.66051526   E             0.78148784    1            
1              1.850551919   0.826370155  -0.926728155  -0.5947508722  0.56658072   E             0.76599091    1            
0              1.436271158   0.639164814  -0.777269018  -0.8377225409  1.30591956   E             0.87034951    1            
1              1.090541978  -0.809883161  -0.928594327  -0.8152481141  0.93313843   E             0.82264652    1            
0              1.680916318  -0.494931212  -0.960361912   0.3942322786  0.89869915   E             0.92026750    1            
1             -0.156726899  -0.858443426  -0.736455277  -1.1117468369  0.61019536   E             0.74595428    1            
0             -0.302228463  -0.511589315  -1.014307999  -1.3163129526  1.82764678   E             0.91306488    1            
0              1.929684880  -1.483691331  -0.968115201  -0.6771503035  0.77179623   E             0.79331673    1            
0              0.836861714  -0.685792369  -0.793927132  -0.3864337062  0.73559188   E             0.84621538    1            
0              2.101078992  -0.628471942  -0.854370555  -0.4389637103  0.52636436   E             0.77498247    1            
0              0.861086709   1.624027695  -0.687829552  -1.1007588860  0.63942563   E             0.72662348    1            
1              1.756107791   1.624027695  -0.481358131  -0.5289085922  0.50287059   E             0.76506915    1            
0              2.025281136  -0.394879132  -0.954195695  -0.6212249743  0.68800582   E             0.78263416    1            
1              2.693848544   0.570428586  -0.889863110  -0.7186056567  0.90378136   E             0.79525378    1            
0              0.388168727  -0.277375706  -0.893500805  -1.2229026204  0.58745224   E             0.70653155    1            
0              1.460708387  -0.277375706  -0.645645042  -0.7345176579  0.81054676   E             0.80336415    1            
0              1.307172250   0.104691496  -0.666293516  -0.6481160013  0.53795909   E             0.76549526    1            
0              1.139264840  -0.780602148  -0.810313474  -0.7287584825  0.61829544   E             0.77416335    1            
0              0.201038980  -1.338734800  -0.904714641  -0.6197000741  0.49526250   E             0.78801331    1            
1              0.782651088  -1.258996637  -0.517253053  -0.6960611050  0.82763960   E             0.82576461    1            
1              2.727078324  -0.463891270  -0.976914095  -0.5867884966  0.64601424   E             0.76177811    1            
0              1.416078609  -0.209225788  -1.036951721  -0.8410821661  0.51605794   E             0.72648300    1            
0              2.691271417   0.422023173  -0.508849067   0.0168300822  0.44272611   E             0.80930260    1            
0              1.345829157   0.065374235  -0.752761016  -0.1511300157  0.53701569   E             0.83227698    1            
1              0.073819859   1.572673835  -0.845802888  -0.7249411322  0.58203529   E             0.79293173    1            
0              0.934640948  -0.269477765  -0.829189842  -0.5337994925  0.50514287   E             0.78496163    1            
0             -0.536080008   0.367599807  -0.955932351  -0.9331473732  0.71053083   E             0.80237390    1            
0             -0.356499728  -1.155426696  -0.977148520  -1.1342391136  0.67241938   E             0.76116340    1            
0             -0.435844923   0.207502682  -0.525991590  -0.5380184679  0.33881991   E             0.78396686    1            
0             -0.431751839  -1.198020395  -0.547244520  -1.2601836233  0.61868091   E             0.73082096    1            
0             -8.767129863  -1.576052404  -0.804840037  -2.5397520464  0.28377792   E             0.66466305    1            
1              0.012575192  -0.723626610  -0.940761517  -0.7985558129  0.53780693   E             0.77493509    1            
1              1.719360990  -0.964841450  -0.933630415  -0.5719742705  0.51782809   E             0.76252049    1            
0              1.656539727  -0.371461220  -0.812293856  -0.6383291006  0.63228925   E             0.77781201    1            
0              0.861996283   0.565979528  -0.801796261  -1.0422580565  0.92357253   E             0.79592892    1            
1             -0.339157178  -0.963841275  -0.999413295  -1.0648574333  0.24925241   E             0.67244823    1            
0              2.344693301  -0.549423556  -0.979439574  -0.4730444629  1.02983217   E             0.85373265    1            
1              0.197218769   1.248271949  -0.914957378  -1.2454178471  0.50325606   E             0.68726863    1            
1              2.305187458   1.248271949  -0.541181240  -0.6080746232  0.68620016   E             0.77743976    1            
0              2.762582039   1.248271949  -0.577382820  -0.0135947351  0.89269383   E             0.87408756    1            
0              0.536853801   1.951499087  -0.436037176  -1.0719018088  0.74058785   E             0.76254004    1            
0              0.285477792   1.951499087  -0.825908695   0.0157694096  0.60344445   E             0.87782241    1            
0              2.296000758   0.215262668  -0.939568309  -0.2758942578  0.40288001   E             0.76920589    1            
1              0.910719145   0.926215303  -0.978849233  -0.8078658636  0.63425213   E             0.77121334    1            
0              0.447412331   0.926215303  -0.836789501  -0.6952795299  0.61737232   E             0.79526409    1            
1              0.604041020  -0.018399120  -0.847732146  -0.7517237843  0.52013588   E             0.76358785    1            
1              1.248535029  -0.018399120  -1.036676996  -0.8354173407  0.53909016   E             0.73736654    1            
0              1.448307858  -1.488830166  -0.992199200  -0.6492303514  0.43340367   E             0.73875171    1            
0              0.329531506   0.573463602  -0.612282159  -1.0074135789  0.67538653   E             0.76395827    1            
1              1.686616316  -0.921040643  -0.742733058  -0.6920231797  0.97454672   E             0.83264998    1            
0              2.323530539  -0.921040643  -0.899543807  -0.5435009683  0.70798973   E             0.79068669    1            
0              0.511931466   1.699834132  -0.901956406  -0.5816362212  0.52221542   E             0.79140810    1            
0              0.685387279   1.699834132  -0.429783159  -0.6651602026  0.68035715   E             0.80583312    1            
0              1.014895718  -1.138596150  -1.000525238  -0.6401727507  0.63302977   E             0.79291644    1            
0              0.792171298  -0.999226809  -0.685852690  -0.6259947496  0.55668513   E             0.78524083    1            
1             -0.370325257  -0.999226809  -0.825628851  -1.2064002941  0.56956309   E             0.72681407    1            
0              2.242639067  -0.746492701  -0.990819131  -0.7551267595  0.92471882   E             0.80435516    1            
0             -0.236648158  -1.200986434  -1.017329208  -1.2952193510  0.76353892   E             0.75238538    1            
0              0.073698583   0.447682858  -0.817555066  -0.8309140403  0.50959614   E             0.76259780    1            
0             -0.071105641   2.073830948  -0.942545630  -1.1569353903  0.63435358   E             0.74169117    1            
0              1.935506156  -0.617849384  -0.811033957  -0.5105995908  0.73781344   E             0.80951635    1            
1              0.319708104   1.660585849  -0.597957075  -0.1832473957  0.52350880   E             0.84592425    1            
1              1.944723175  -0.122865770  -0.913851002  -0.9045299960  0.79060343   E             0.76321500    1            
0              1.970646042   1.268551378  -0.907865354  -0.8288549152  1.10536020   E             0.83215509    1            
0              1.754834387  -0.043506985  -0.961937442  -0.3706465275  0.61531307   E             0.80973588    1            
0              0.073759221   0.953220052  -0.868316201  -1.0713573838  0.86328096   E             0.79840369    1            
1             -0.016288632   0.427541385  -0.721355078  -0.9735164263  0.61370015   E             0.76491139    1            
0              0.256037905   0.427541385  -0.449430996  -0.9899970775  0.39483066   E             0.70483551    1            
0              0.696180894  -1.091415438  -0.853452112  -0.8584298174  0.78515604   E             0.79886932    1            
1              0.260191627  -1.001434094  -0.228720117  -1.2459877722  0.69201782   E             0.73098031    1            
0              1.088177085   1.533322086  -0.860891167  -1.0550514075  0.65450994   E             0.73153221    1            
1              1.552363154  -0.388015856  -0.951631853  -0.6252832996  0.61132643   E             0.77802391    1            
1              1.757835982  -0.290033104  -1.004212844  -0.0575048460  0.41607751   E             0.81487601    1            
0              1.726334393  -0.290033104  -0.878838575  -0.5229313917  0.76159125   E             0.81662979    1            
1              2.066454531  -0.208811922  -0.878513323  -0.8466347915  1.39171344   E             0.87083968    1            
0              0.241060248  -0.297551668  -0.943529887  -1.0098603041  0.49960925   E             0.72681708    1            
0              2.894682542  -0.339248657  -1.019503511  -0.3340744247  0.85382157   E             0.83188921    1            
0              0.870364367  -1.330147083  -0.771685266  -0.9114239215  0.51927363   E             0.73051931    1            
0              1.124408460   0.168254400  -0.817460091  -0.8632824678  0.76222019   E             0.78378681    1            
0              1.125560588   0.523454807  -0.910156740  -0.6172533489  0.37925436   E             0.74053265    1            
1              1.673488128  -1.076516265  -1.006003793  -0.7805948865  0.54709894   E             0.73668598    1            
1              0.748754287   0.002087242  -0.586315881  -1.0125824293  0.73462818   E             0.76505467    1            
0              1.734126412  -1.181500248  -1.021133190  -0.7455209088  0.91562969   E             0.81500876    1            
1              1.361473834  -1.086897401  -0.649805742  -0.2323428044  0.49255402   E             0.81426281    1            
1              1.264179706   1.314387026  -0.747140562  -0.8666816181  1.11902940   E             0.84344921    1            
0              0.422853826  -0.646406131  -0.758669535  -0.9831898520  0.61822950   E             0.75306085    1            
0              0.371857028  -0.054784830  -0.641064413  -0.7577022597  0.83368043   E             0.82750920    1            
0              0.748663329  -1.036026385  -1.043756895  -0.7833794867  0.56200572   E             0.76389326    1            
1              0.182695899   0.296794250  -0.771501421  -0.4140476584  0.44436438   E             0.80718776    1            
0              0.734716524   1.114110420  -0.836110772  -0.7545236845  0.54572441   E             0.76525206    1            
1              1.413592440   0.178601047  -0.599749684  -0.7824512866  0.64367602   E             0.76444119    1            
0              2.206862480   1.101901376  -0.856941747  -0.6903848046  0.77449964   E             0.78547376    1            
1              1.733186519   0.697657861  -0.867597079  -0.4348888100  0.65945012   E             0.80971659    1            
0              0.587274535   1.097762717  -0.724323706  -0.9857207272  0.07322660   E             0.61062567    1            
0              0.942190415   1.156704119  -0.671925696  -0.4028068750  0.51111268   E             0.80421907    1            
1              1.500214229  -1.147804666  -0.729297856  -0.6699758780  0.90405525   E             0.82734054    1            
1              2.648733660  -1.504867469  -1.002198175  -0.2370805773  0.58745732   E             0.80282596    1            
0              3.231012788   0.194189996  -0.930418484  -0.4153319660  0.52611076   E             0.74979065    1            
0              1.002070721  -0.337903593  -0.388878422  -0.7927685874  0.36634597   E             0.71110482    1            
0              0.859601071   0.390603853  -0.894499151  -0.5634355948  0.59895060   E             0.80061369    1            
1              0.723710675  -0.868376207  -0.825085021  -1.0755304591  0.72903370   E             0.75467037    1            
0              0.478064984   1.660585849  -0.661410492  -0.9292178229  0.85388244   E             0.80690778    1            
0             -0.474319915   1.660585849  -0.449918198  -0.6693919279  0.33445286   E             0.76436972    1            
0             -0.395399187   1.660585849  -0.948687076  -0.8293343152  0.66163111   E             0.80421351    1            
0             -0.161274770   1.660585849  -0.746029337  -1.1139054120  0.65615329   E             0.75581861    1            
0              1.244775455   0.056096742  -0.859981458  -0.5904796219  0.61493773   E             0.79109231    1            
1              1.959640193   0.275376690  -0.455644045  -0.2215124436  0.54611496   E             0.81242886    1            
0              1.563763152  -0.916246696  -0.794734489  -0.5833867963  0.56240642   E             0.77399639    1            
0              0.348238416  -1.397745179  -0.458239476  -0.7429097086  0.43431664   E             0.75311108    1            
0              0.560078264  -1.397745179  -0.699584520  -0.9580264501  0.61002291   E             0.75167885    1            
0              0.168142711  -1.397745179  -0.847369799  -0.8935496951  0.59908755   E             0.76943397    1            
0              2.552561340   0.878172370  -0.832773613  -0.4056779202  0.58685881   E             0.78118623    1            
0             -0.280550276   1.016058691  -0.785568419  -0.7719720608  0.52290522   E             0.78294681    1            
0              1.329183947  -0.302345615  -0.953258252  -0.8099109637  0.78681967   E             0.79143461    1            
1              1.626068989   1.011644122  -0.630500466  -0.5683723952  0.50018747   E             0.76170665    1            
1              1.272032364   0.351355571  -0.965963129  -0.9318455981  1.02083941   E             0.81935485    1            
0             -0.378844936   0.351355571  -0.903940121  -1.4351429617  0.73660629   E             0.72711329    1            
0              1.405072761  -1.146804490  -0.886838790  -0.7295897826 -0.48916331   E             0.47348927    1            
0              0.943342542  -0.231815968  -0.799343433  -0.8724535435  0.43457024   E             0.71522732    1            
1              0.518783592   0.782879747  -0.802052100  -1.1464051645  0.49657109   E             0.69402387    1            
1              3.678159499   0.520695701  -0.930518277  -0.1413252649  1.27043036   E             0.89499045    1            
0              0.380558622   0.924663306  -0.942560182  -1.1086485866  0.42844826   E             0.68800540    1            
0             -0.326968883   0.252372644  -0.595471460  -1.6433861777  0.65816689   E             0.66872358    1            
1              1.773905127  -0.330729918  -0.901654602  -0.5761396958  0.61047432   E             0.77972333    1            
1              2.605953350  -0.547768092  -0.860955796  -0.2552262512  0.84166892   E             0.84461137    1            
1              0.021670934  -0.547768092  -0.725501154  -0.5064915405  0.37133181   E             0.78409023    1            
1              0.536035184  -1.388640130  -0.620128496  -1.0563009076  0.69546174   E             0.75531309    1            
0             -0.336398136   1.097762717  -0.380542593  -1.6232411761  0.67308889   E             0.67666836    1            
1              1.583106764   1.156704119  -0.930283975  -0.8188104644  0.68599221   E             0.76348298    1            
0              1.052188263   1.156704119  -0.982894734  -0.8354798157  0.62182052   E             0.76079259    1            
1              0.996340403   1.156704119  -0.904886729  -0.8968646954  0.75828427   E             0.78117758    1            
1              1.258661622   0.219780704  -0.623920858  -0.9322816481  0.92509415   E             0.80235882    1            
1              1.719270033   0.219780704  -0.722848526  -0.6985983552  0.65915594   E             0.77278133    1            
1              1.186956851   0.176152341  -0.782713876  -0.5597023945  0.39083895   E             0.75081220    1            
0             -0.489843316  -1.097864848  -0.312580496  -1.3595647809  0.47947825   E             0.68103071    1            
0             -0.228401351   0.224402207  -0.438262047  -1.2243663205  0.45094285   E             0.69081192    1            
1              0.709066529  -1.099382356  -1.002063567  -0.6486209014  0.53693961   E             0.77999398    1            
0              1.390519572  -1.099382356  -0.990499181  -0.6530834017  0.60251626   E             0.77605799    1            
1              0.739840459  -0.285032225  -0.838373864  -0.8379584159  0.62901777   E             0.76982710    1            
1              0.991853170  -0.285032225  -0.694246916  -0.6709461531  0.63284717   E             0.78906314    1            
0             -0.141749243   0.822369451  -0.992099001  -0.7171853066  0.52939746   E             0.78883049    1            
1              1.770630660   0.830888191  -1.033973099  -0.6022389478  0.50509215   E             0.75370607    1            
1             -0.853854939   0.830888191  -0.854206819  -1.5575722961  0.52298130   E             0.66626992    1            
1              2.219505562  -1.228956871  -0.962183159  -0.7377638082  0.83879306   E             0.79100512    1            
0              1.511462631   1.209782420  -0.569744379  -0.8260843400  0.71297556   E             0.76983977    1            
1              0.343296396   1.453997789  -0.806820015  -0.8675996182  0.29379524   E             0.69937064    1            
0              2.065423681   1.453997789  -0.701084779  -0.7895275372  0.75719885   E             0.77076009    1            
1              2.449931044   0.143387957  -0.721460236  -0.7069929558  1.15870812   E             0.84558892    1            
0              0.118388998  -1.416610567  -0.839193966  -1.3747717071  0.74317460   E             0.72499896    1            
0              0.561745817  -1.416610567  -0.850539537  -0.3634729945  0.75775170   E             0.85688073    1            
0              1.110219101  -0.304139034  -0.997409724  -0.5730325206  0.77665527   E             0.82566784    1            
1              1.436847222   0.572566893  -0.900370362  -0.9903209276  0.61040331   E             0.72250963    1            
1              0.126726763   0.338008396  -0.953300344  -0.8016566131  0.09603565   E             0.66798742    1            
0              1.948967855  -1.139320415  -0.984911719  -1.4263862610  0.75610835   E             0.66433164    1            
0              2.461694871   0.338008396  -0.844609920  -0.6610802023  0.55602577   E             0.73703275    1            
0             -0.725210818   0.515143000  -0.975050200  -1.1054674614  0.60651304   E             0.76101352    1            
0              1.307141931   0.774740384  -0.655912658  -0.7667687854  0.53448473   E             0.74600581    1            
1             -0.132805096   0.774740384  -0.360461111  -1.5554927709  0.60872446   E             0.66647111    1            
1              2.013881139   1.491694074  -1.033341461  -0.6797500287  0.79646166   E             0.79574482    1            
1             -0.342401327   0.338008396  -0.709690456  -1.4594125885  0.68157952   E             0.70879323    1            
1             -0.141294456  -0.324866817  -0.542532014  -1.2952614260  0.68598207   E             0.73240798    1            
0              1.537597732   1.904076952  -0.600029232  -0.7854947119  0.66916819   E             0.76621188    1            
1             -0.071924258  -0.813952842  -0.948616008  -0.3900397890  0.40905778   E             0.80950441    1            
0              0.050322524  -0.813952842  -0.775880925  -0.7419190335  0.26316507   E             0.72255371    1            
1              0.805966508  -1.160841442  -0.938867148   0.1500292149  0.53784751   E             0.87397734    1            
0              0.395748513   0.924663306  -0.257707514  -1.4777509150  0.85180797   E             0.72506459    1            
0              0.100227832  -0.580187587  -0.911325391  -0.8036124632  0.55386507   E             0.77531514    1            
1              1.159063240  -0.142179512  -0.742190471  -0.4652452873  0.51626082   E             0.79165723    1            
1              0.750755350  -0.142179512  -0.336267371  -0.7797546614  0.69887524   E             0.79209736    1            
0              0.361942669  -0.580187587  -0.840656908  -0.7677581855  0.78836665   E             0.81871635    1            
1              0.681627706  -0.193360928  -1.008351640  -0.5544009441  0.79010129   E             0.83852650    1            
0              0.111324638   1.003263337  -1.002030369  -1.2621305484  0.61839688   E             0.71510877    1            
0              1.630495584   0.860341647  -0.681827261  -0.5216334416  0.48199906   E             0.76496361    1            
0              2.478279442  -1.286829119  -1.022165796  -0.6606199273  0.37353815   E             0.69305716    1            
0              0.989336681   0.680827314  -0.734035783  -0.3858577887  0.30546097   E             0.76482943    1            
1             -0.574312446   0.009709272  -0.553074456  -1.2639321236  0.21638547   E             0.63260917    1            
0              0.835588310  -1.304073531  -0.648437800  -0.9618476254  0.80041279   E             0.78397974    1            
1              0.129819315  -1.234268150  -0.773628868  -0.5251843169  0.50057294   E             0.80378894    1            
0             -0.009739697  -0.494931212  -0.863449908  -1.1363007888  0.67741029   E             0.75293712    1            
0             -0.087205106   0.609538913  -0.863582549  -1.0166726296  0.62401672   E             0.76223216    1            
1              1.542842943   0.508245235  -0.848890047  -0.4772774632  0.40772890   E             0.75826872    1            
0              1.557487089   0.714350452  -0.562911750  -0.7431876586  0.81125178   E             0.80015052    1            
1              1.921104563   0.401088456  -0.662878220  -0.5909220469  0.66105797   E             0.78415641    1            
1              0.965172325   0.366082299  -0.848644696  -0.9399902987  0.68495244   E             0.76023001    1            
1              0.866331921   0.366082299  -0.938485477  -0.3926164367  0.67830297   E             0.83596845    1            
0              2.127274731   0.366082299  -0.888018985  -0.5426352432  0.86696835   E             0.82405390    1            
0              1.627069521   1.313145428  -0.608165472  -0.8574786674  0.79722247   E             0.77956824    1            
1              0.628599526  -0.534524383  -0.809827213  -1.3174706527  0.76739369   E             0.72612083    1            
0              1.697591846   2.190851531  -0.953744452  -0.6978142301  0.79012665   E             0.79923901    1            
0              1.273821193  -1.391261280  -0.807818719  -0.7447367837  0.81524349   E             0.80698468    1            
1              0.719617591  -0.389257453  -1.038989260  -0.7686774606  0.60669564   E             0.77613362    1            
1              2.270017253  -1.175706125  -0.969221503  -0.3715148026  0.37894497   E             0.74980202    1            
0              0.394262875  -1.335423873  -0.996888161  -1.0592219329  0.18354389   E             0.63267412    1            
0             -0.433874179  -0.974601788  -0.619222222  -1.1833584924  0.49006364   E             0.71379082    1            
0              1.662148768  -0.522694716  -0.921241736  -0.7852091118  0.59918392   E             0.74792973    1            
1              0.077882624  -0.227194465  -0.825195280  -1.2491306474  0.62831275   E             0.72067286    1            
0              0.394869257  -1.337734624  -0.743051831  -0.8991609706  0.56508446   E             0.75555796    1            
0              0.169598030   1.010850879  -0.946712243  -0.0815049378  0.33558393   E             0.83070132    1            
0              0.677443664   1.010850879  -0.909407931  -0.4626838121  0.76070364   E             0.84447176    1            
0              0.353210756   1.010850879  -0.802773201  -1.1040853613  0.76037903   E             0.76641891    1            
0              0.720133016   1.010850879  -0.420028105  -1.0033386786  0.53186248   E             0.72202363    1            
0              2.401177863  -0.946734817  -0.929004960  -0.2265676915  0.60162358   E             0.81222507    1            
1              1.168098344  -1.488209367  -0.871848871  -0.4383338602  0.38807467   E             0.76963204    1            
1              1.767174277   1.546289884  -0.770167256  -0.0543582733  0.38363155   E             0.80927437    1            
0              2.164536957  -1.373051181  -0.914107000  -0.9132344217  1.22708455   E             0.83812537    1            
1              1.839940219  -0.118313246  -0.772216581   0.0112964543  0.86798783   E             0.88693451    1            
1              0.805754274   0.395949621  -0.333525957  -1.3267450034  0.70511387   E             0.70454635    1            
1              2.112600266   0.395949621  -0.844979586  -1.0309245807  1.03799818   E             0.79067092    1            
0              0.781135131  -0.695414751  -0.900904411  -0.9920026527  0.84256160   E             0.78923911    1            
0              1.592050911  -0.720970970  -0.676659673  -0.7197786568  0.58096508   E             0.75622342    1            
1              0.301365022   0.036507089  -0.764706000  -1.1294068632  0.55136962   E             0.71676773    1            
0              1.058524964   0.036507089  -0.690315379  -0.8661104180  0.65994719   E             0.76398924    1            
1              0.223353869  -1.380086901  -0.784819876  -0.8404446661  0.18963543   E             0.68182357    1            
1              2.036074751  -1.380086901  -0.878772389  -0.4336163599  0.58008761   E             0.78809050    1            
1             -0.108610420   0.552701330  -0.632937818  -1.5454891202  0.67903842   E             0.68567142    1            
0              3.019809643  -0.348112285  -1.014055727  -0.2911126589  0.91382403   E             0.84404799    1            
0              0.063632627  -0.146835504  -1.000495488  -1.0079261289  0.75772127   E             0.78720373    1            
0              1.391550423   1.852999003  -0.829076031  -0.6133097736  0.50789700   E             0.76236116    1            
0             -1.073183614   0.956530980  -1.009514316  -1.8176060160  0.35413753   E             0.57480771    1            
0              0.166990584   1.852999003  -0.296606987  -0.8485396417  0.58233454   E             0.77279084    1            
1              0.202342704   0.956530980  -0.781580114  -0.9245411225  0.12347549   E             0.64919139    1            
0             -0.306624739   2.139670115  -0.741702238  -1.6213388760  0.65951606   E             0.67260845    1            
0              1.496757847  -0.473548141  -1.011720880  -0.2394395825  1.00730715   E             0.88665956    1            
1              0.847321818   0.778223755  -0.655716055  -1.0515120073  0.64835753   E             0.73732861    1            
0             -0.351254516  -0.025641773  -0.619413962   0.6160731157  0.23550206   E             0.89505948    1            
1              0.210134723  -0.846096427  -0.951680981  -0.6100929484  0.54584107   E             0.79887924    1            
0              1.325939799  -0.395361975  -0.870797587  -0.5231583417  0.65880597   E             0.80677766    1            
1              0.377678304   0.760427522  -0.839881503  -1.1676466662  0.79669497   E             0.76368387    1            
0              0.722831420  -0.695414751  -0.810754008  -0.7652744853  0.52855042   E             0.76024179    1            
1              1.443911582   0.641130677  -0.473391792  -0.9064029711  0.71973662   E             0.76062554    1            
0             -0.476290659  -0.616504320  -0.867497683  -0.9318608981  0.37219406   E             0.73041484    1            
1              0.706913870  -1.211505526  -0.721308771  -1.2231372204  0.85254341   E             0.75854000    1            
0              1.680067382   0.502313157  -0.784695973  -0.4672814624  0.84291665   E             0.83798141    1            
1              0.394899577  -1.505246846  -0.944183896  -1.1669798411  0.56259408   E             0.71019537    1            
0              0.853112775  -0.342145719  -0.489321691  -1.3855416329  0.72692880   E             0.69797197    1            
0             -0.441544922  -0.861099065  -0.796073528  -1.0106469791  0.24897345   E             0.68562940    1            
0             -0.132047117   2.539395594  -0.556736080  -1.3641879312  0.55620329   E             0.68874123    1            
0              2.136400793   0.661513572  -0.962377615  -0.7027191555  0.47508077   E             0.72025974    1            
1              1.079445172  -0.045438359  -0.805174797  -0.7954231376  0.52004458   E             0.74421769    1            
1             -0.086143936   0.349148286  -0.934019770  -1.2326997212  0.66028701   E             0.73545768    1            
1              1.134262181   1.734150513  -0.893893484  -0.9412984488  0.73517089   E             0.76637635    1            
1              2.910145305   1.734150513  -0.786446661  -0.4653319873  0.70591019   E             0.78766972    1            
1              2.023431668  -0.348905528  -0.861925686  -0.4754669631  0.80656520   E             0.82422851    1            
1              0.208285255  -1.108763316  -1.006296323  -0.8689090433  0.66337083   E             0.78516322    1            
1              0.536489971   0.316211458  -1.028315600  -1.1215949376  0.69997588   E             0.74583195    1            
1              1.140326010  -1.348357182  -0.953368846  -1.1065843615  0.80708255   E             0.75584956    1            
1              0.583151131   1.407989696  -0.690461198  -0.4969532647  0.51604780   E             0.80037568    1            
0              0.590427725  -0.509864874  -0.793080536  -0.5822354713  0.35355931   E             0.75471032    1            
1             -0.115371589  -0.159803302  -0.960387704  -0.7761578861  0.50150620   E             0.77398721    1            
0              0.795536723   1.268585867  -0.570275933  -1.1616324907  0.81931128   E             0.75875108    1            
0              0.286963430   1.268585867  -1.001494093  -0.9877709274  0.23466010   E             0.66373167    1            
1             -0.500636930   1.268585867  -0.661307475  -0.7177960317  0.29023972   E             0.74784778    1            
1              0.295725662  -0.031608340  -0.799872779  -1.1878413927  0.54510055   E             0.70514244    1            
1              1.510128589   0.571946094  -0.560102698  -0.5636803948  0.61801140   E             0.78929901    1            
1              1.319299907  -0.746492701  -0.866078052  -0.6583185521  0.63136613   E             0.78283292    1            
1              0.663223986   0.580809722  -0.905800259  -1.1313690884  0.70354153   E             0.74163438    1            
1              1.701169505  -0.033815625  -0.767412606  -0.4067943103  0.67321569   E             0.81651036    1            
0              0.069817732   0.792812528  -0.966935540  -0.7833782117  0.76823565   E             0.81932878    1            
1              0.453991585   0.792812528  -0.874533953  -0.7534832844  0.41182713   E             0.74363262    1            
1              1.884721592  -0.845751538  -0.980644138  -0.6444631260  0.54945745   E             0.75368294    1            
1              2.247186939  -0.402225251  -0.960076579  -0.6976421051  0.77473296   E             0.78351007    1            
1              1.396249890  -0.402225251  -0.763320311  -0.7718012108  0.84353544   E             0.80586209    1            
0              0.131365591   0.443578688  -0.654063406  -0.9123788966  0.66579020   E             0.78116678    1            
1              2.265044914   0.800882913  -0.951307557  -0.1745272875  0.26085221   E             0.75551219    1            
1              0.840014905  -0.441508023  -0.776699173  -0.9572142750  0.50706518   E             0.72071498    1            
1             -0.251504538  -0.441508023  -0.307850638  -1.4767360149  0.83277760   E             0.73873180    1            
1             -0.481202360   2.298146265  -0.966026702  -1.3808636575  0.76389397   E             0.74515271    1            
0              0.158137394   2.298146265  -0.825051612  -0.7749759610  0.39043318   E             0.74327942    1            
1              0.696605362   0.951840499  -0.771319755  -0.8126815389  0.35970157   E             0.71482260    1            
0              0.015485829   2.298146265  -0.783913430  -1.5202186182  0.76938701   E             0.70892520    1            
1             -0.545569899   0.951840499  -0.667096120  -1.1810838922  0.40204820   E             0.69597941    1            
1             -0.487175231   1.635615940  -1.008163239  -0.7526137343  0.33501079   E             0.75176085    1            
0              0.629691015   0.644441604  -0.774733439  -0.7292888825  0.49586607   E             0.76125140    1            
0             -0.305442292   0.644441604  -0.748558778  -1.1616006157  0.64643522   E             0.74987778    1            
0             -0.051549794   1.635615940  -0.949273668  -0.8787061440  0.41368857   E             0.73713420    1            
1              1.760898215   0.433714884  -0.585294928  -0.8520025420  0.78882821   E             0.77541470    1            
1              1.488783913  -0.807089566  -0.863678690  -0.6204701742  0.52988437   E             0.76344479    1            
1             -0.401220463   0.433714884  -0.818159436  -0.8173760893  0.35275793   E             0.74294415    1            
0              0.728197908  -0.317762119  -0.995718223  -1.0143674294  0.81293570   E             0.78140644    1            
1              0.384015004  -0.810434982  -0.695719395  -0.4021779174  0.40775426   E             0.79748975    1            
1              0.831525545  -0.810434982  -0.559198932  -0.9778004266  0.70378499   E             0.76178745    1            
0              1.655478557   1.252376119  -0.969406109  -0.6599709522  0.77830876   E             0.80313285    1            
0              0.154286863   1.252376119  -0.657149167  -1.0922737604  0.45907336   E             0.70529333    1            
0              0.491587321   1.218921959  -0.505579974  -1.0351741560  0.64538023   E             0.74889080    1            
0             -0.038573201  -0.145111062  -0.923567833  -1.3132886523  0.62289579   E             0.71155107    1            
0             -0.096664678  -0.145111062  -0.735372439  -1.3396033794  0.64957482   E             0.71502240    1            
1              0.356303308  -0.672376216  -1.019141826  -0.8449199164  0.76042468   E             0.80370745    1            
0              0.649671330  -0.690344894  -1.035643973  -0.9773643766  0.56294913   E             0.73558845    1            
1              1.153393560   0.175186654  -0.736402108  -0.8534904671  0.71702307   E             0.77541039    1            
1              2.599374096   0.175186654  -0.947684721  -0.5382709179  0.98115055   E             0.83415333    1            
1              2.213714606   0.837130668  -0.751110975  -0.5564422193  0.71810342   E             0.79336467    1            
0             -0.032145543   2.539395594  -0.588402547  -0.1245993037  0.44044368   E             0.84621479    1            
0              0.422853826   2.539395594  -0.634242664  -1.0503262572  0.91275383   E             0.80270193    1            
1              0.224202805   1.301729627  -0.773571845  -1.3730389819  0.41177133   E             0.63806287    1            
0              0.460025094  -0.558839005  -0.810507263  -1.1904156179  0.73139728   E             0.74369312    1            
0              1.798039164   0.772050256  -0.796367201  -0.7704063607  0.77271935   E             0.78327242    1            
0              1.632708881  -0.636645794  -0.923981053  -0.7977742378  0.79637543   E             0.78792499    1            
1              1.069288259  -0.199258517  -0.899688857  -0.8297894903  0.85289339   E             0.80701569    1            
1              1.753136515  -0.199258517  -0.970702416  -0.5751375457  0.42366531   E             0.74049701    1            
1              2.156775256  -0.071477421  -0.993784448  -0.3417347528  0.80907080   E             0.83806309    1            
0              2.683540035   0.046301915  -0.959732358  -0.7574051847  0.63153858   E             0.73215141    1            
1              0.183848027  -1.511316880  -0.916221221  -0.7002622303  0.33880469   E             0.74322630    1            
1              2.611441115  -1.375086022  -0.956278784  -0.4422889105  0.92514994   E             0.83617880    1            
1              0.025521466  -0.226366734  -0.438462749  -1.2154884948  0.72046699   E             0.74878475    1            
1              0.914478719  -0.893104695  -0.980858500  -0.5593096945  0.35115008   E             0.74933360    1            
1              0.028310827  -0.893104695  -0.983622804  -1.1746158167  0.39269025   E             0.67742730    1            
0              2.189398654  -0.058820023  -0.728756979  -0.5662405950  0.78276203   E             0.80475201    1            
1             -0.338005051  -1.118972009  -0.744064539  -0.8805204691  0.42730198   E             0.74760626    1            
1              2.285267782  -1.336148138  -0.943351387  -0.2929939216  0.39970490   E             0.76620081    1            
1              2.753880445   0.650546126  -0.708073840  -0.4666312124  0.74777496   E             0.79914647    1            
0             -0.130955628  -1.336148138  -0.894651670  -1.3109758022  0.66027687   E             0.72348112    1            
0             -0.056552453   1.990954302  -0.914491696  -1.3020393265  0.79567549   E             0.75359968    1            
1             -0.793004420  -1.029370042  -0.472981822  -1.0566132827  0.40217500   E             0.72506818    1            
0              1.670607809  -0.741077955  -0.807173158   0.0652457884  0.44029152   E             0.83586440    1            
0              2.417065093  -0.793914835  -1.000455259  -0.5297500922  1.04300431   E             0.84824749    1            
1             -1.708309008  -1.076067910  -1.020093541  -1.9717152778  0.31762377   E             0.55383078    1            
1              2.710129923  -0.941044161  -1.012388999  -0.2284047116  0.91433631   E             0.85650190    1            
0              0.177541645  -0.027331726  -0.909762009  -1.2771678996  0.55015232   E             0.69381714    1            
1              0.507717105   1.894351104  -0.596703034  -1.0576562327  0.71043446   E             0.75906415    1            
1              0.709248444   0.764462714  -0.620046062  -0.6342707753  0.52395006   E             0.77948021    1            
0              0.121117721  -0.623850440  -0.799219877  -1.1381622889  0.75122903   E             0.76512256    1            
0              0.572842623  -1.153598789  -0.824741473  -1.0047335287  0.71182928   E             0.76590267    1            
0              2.060693894  -0.493689615  -0.951721194  -0.4334008848  0.79774996   E             0.82716572    1            
0              1.539022731   1.788228990  -0.817037655  -0.8466182165  0.65434763   E             0.75345640    1            
0              0.405844787   1.788228990  -0.976253287  -1.2724312742  0.78701748   E             0.74421183    1            
0              2.244700769   1.788228990  -0.891760208  -0.4660332373  0.61981198   E             0.78633350    1            
1              0.781620237  -0.782188634  -0.979929164  -0.8913018700  0.65449472   E             0.76597175    1            
1              0.218290572   1.281105310  -0.777445854  -1.0672595335  0.80715863   E             0.78476029    1            
0              1.081112725   1.281105310  -0.780068414  -0.7527973343  0.64530415   E             0.77752282    1            
0             -0.029022672  -1.507281687  -0.969503756  -1.5801474478  0.12602674   E             0.52247113    1            
0             -0.275365703  -0.283066362  -0.952514954  -1.2981544012  0.74543167   E             0.74895740    1            
1              2.229086411  -1.516766114  -0.821490559  -0.9907200026  0.96614739   E             0.77948055    1            
1              0.127515060  -1.590641177  -0.446872457  -1.0609278830  0.49162076   E             0.71938964    1            
0              0.616926656  -1.576811158   0.897744528  -1.0472394819  0.81422908   E             0.77953048    1            
1              1.052491454  -1.592400107  -0.171915451  -0.6033838979  0.55846035   E             0.78266351    1            
1             -0.182073702  -1.592400107   0.116755497  -1.0652628833  0.43890178   E             0.71492641    1            
1             -0.354468345  -1.359255651  -0.244598103  -1.0409894315  0.44833074   E             0.72622400    1            
1             -0.003190762  -1.485277817   0.280568174  -0.9317104481  0.34952702   E             0.71169643    1            
1             -0.031387565  -1.513627631   2.051676993  -1.5219232933  0.75776185   E             0.70716702    1            
1              1.025416460  -1.475345035  -0.291033751  -0.5223257667  0.76753570   E             0.83199933    1            
0              0.124937933  -1.265928891   1.314434635  -1.0722269338  0.39054477   E             0.69285092    1            
0              1.765688639  -1.265928891   1.692667478  -0.1753962001  0.67496555   E             0.84341993    1            
1              1.313660547  -1.380086901   0.735779999   0.2136837223  0.36877549   E             0.84827388    1            
1              1.742706730  -1.434441289   1.453131253  -0.9131477216  0.85940591   E             0.78112225    1            
1              1.128804736  -1.217851469   1.044276863  -0.4277273894  0.07056377   E             0.70017657    1            
1             -0.587743826  -0.980671821   1.618393397  -0.9915564027  0.22890839   E             0.68850414    1            
1              1.311356292  -0.849683264  -0.103521298  -0.3698051550  0.60613771   E             0.81767678    1            
1             -0.049154582  -0.849683264  -0.070115481  -1.1501421898  0.42383776   E             0.69219242    1            
1              0.681658025  -1.108763316   1.194190021  -0.8392410660  0.55890670   E             0.75623185    1            
1              0.073516668  -1.173395374   1.964803777  -0.7022614305  0.27308602   E             0.73095749    1            
1              1.940508814  -0.974601788   0.893614977  -0.6130751736  0.61493773   E             0.77104558    1            
1             -0.041574796  -1.294520127   2.148574398  -1.4238145858  0.61908668   E             0.69089031    1            
0             -0.002463103  -1.048649295   1.306570254  -0.9123686966  0.49117949   E             0.74769679    1            
1             -0.541628411  -1.155392208   0.075683775  -0.0231091684  0.35639459   E             0.85385392    1            
0              1.055735603  -1.216713338  -0.294292784  -0.7452850338  0.53809604   E             0.75684258    1            
1             -0.035238096  -1.153598789   1.471456518  -0.8663042181 -0.10383898   E             0.60633944    1            
0              0.535307525  -0.973394679   1.212777109  -1.0240905802  0.47528366   E             0.71020294    1            
1              2.189034824  -1.293071596   0.200035692   0.1044318964  0.72063437   E             0.87184758    1            
0              1.257175984  -1.138078818   1.282185545  -0.8948705952  0.70647318   E             0.76435491    1            
0             -0.008769484  -1.138078818   1.928058280  -1.1966274184  0.73646427   E             0.75618759    1            
1             -0.237466775  -1.091001572   1.061766124  -1.1620927657  0.46843638   E             0.70662050    1            
0             -0.577950743  -1.060099585  -0.026483774  -1.3656567314  0.54558240   E             0.69915971    1            
1              0.555469754  -1.147804666   0.040608634  -0.9161414219  0.56253322   E             0.74806864    1            
1              0.292542152  -0.861099065   1.052839304  -1.0416205565  0.53047273   E             0.72717384    1            
1              1.606361547  -1.269481240  -0.150426306  -0.2648271294  0.27786897   E             0.76199763    1            
0              0.030645401  -1.062893179   2.465946866  -1.2525234227  0.74342821   E             0.74775521    1            
1              0.320587359  -0.999226809   0.684226411  -0.7577787597  0.69454877   E             0.80406729    1            
0              0.751149499  -0.892759807  -0.126912633  -0.4779544883  0.74586279   E             0.83902829    1            
1              1.003040933  -0.992363533   1.909149115  -0.6456514261  0.45405709   E             0.75574491    1            
1             -0.191442317  -0.992363533   2.421932104  -0.6028063228  0.05477952   E             0.70384103    1            
1             -0.639256049  -0.912970258   0.112195435  -0.7574498097  0.56006820   E             0.80050926    1            
1             -0.126165204  -0.912970258   0.854077394  -1.1822148173  0.34921763   E             0.66955882    1            
1             -0.050427986  -0.682481442   0.514453528  -1.0924803104  0.50159750   E             0.72135577    1            
1              0.834527140  -0.791155729   0.809411831  -0.5690188202  0.55858208   E             0.79273653    1            
0              1.430753074  -0.875136017   0.248274383  -0.6079649732  0.51566739   E             0.76383918    1            
1              1.243107902  -0.875136017   1.507551478  -0.5305852173  0.13046986   E             0.69303191    1            
1              0.184090580  -1.007469638   1.154374412  -0.9396320237  0.37892975   E             0.71197645    1            
1             -0.150844985  -1.007469638   1.383379442  -0.6251124495  0.26894722   E             0.74880461    1            
1              0.925272333  -0.833335561   2.030276262  -0.6506889515  0.82155821   E             0.82742915    1            
1             -0.452823643  -0.833335561  -0.059800576  -0.5215977416  0.23207842   E             0.76496261    1            
0             -0.352740154  -1.514627807  -0.502801098  -1.0050140287  0.62715632   E             0.77136013    1            
1             -0.303774739  -1.126490572   0.916294287  -1.3655062813  0.71489787   E             0.73176058    1            
1             -0.810407608  -0.798639804   1.080037002  -0.3518643736  0.46340997   E             0.83851834    1            
0              1.160154729  -0.688585964   1.560329394  -0.6836719290  0.59438575   E             0.77548597    1            
0              0.627295802  -0.774359671   0.652069624  -0.8149204391  0.57671470   E             0.76521804    1            
1              1.911584352  -0.749044874   0.117972368  -0.5448677684  0.55322092   E             0.76927609    1            
1              1.323059481  -0.784016542  -0.135414156  -0.6079968482  0.60583339   E             0.78496197    1            
0              0.288236834  -0.774152738   2.440861480  -0.9032498959  0.39634213   E             0.71948661    1            
1             -0.723785818  -0.585843755   1.268602055  -1.2126363196  0.18049051   E             0.63789512    1            
1              1.323544587  -0.681929621   0.851028158  -0.4564184616  0.56540908   E             0.79851384    1            
1              1.440121689  -0.746492701   2.122190930  -0.9359268734 -3.96620185   E             0.01250365    1            
1              0.544191033  -0.650027458  -0.613172195  -1.0285301305  0.49456255   E             0.71380771    1            
1              0.167596966  -0.718211864   1.666333990  -0.8278502151  0.35569972   E             0.72625955    1            
1              0.664315475  -0.704002468  -0.490834974  -0.6879980044  0.59624212   E             0.78715184    1            
1              0.384530430  -0.626126702   2.291562874  -0.6059109481  0.59326482   E             0.80439553    1            
1              1.420383928  -0.626126702   1.100835704  -0.5048047153  0.64413758   E             0.80445884    1            
0             -0.488933741  -0.694345598   1.940656864  -1.0999326860  0.47609011   E             0.72643668    1            
1             -1.137035728  -0.782223123   2.121702725  -0.9614536504  0.58353154   E             0.78793272    1            
0              0.303184171  -0.672686616   0.827166240  -0.6886712044  0.51738175   E             0.77997896    1            
0             -0.185742318  -0.522694716   0.497866260  -1.0611165830  0.61473485   E             0.75581987    1            
1              1.981621571  -0.499000894   0.134798798  -0.4578783367  0.46999857   E             0.76334901    1            
0              0.261101201  -0.509864874   0.697305871  -0.9024109458  0.33984446   E             0.70685042    1            
1              0.413545849  -0.616504320   1.747722956  -1.3050623517  0.68651463   E             0.71524375    1            
1              1.896151909  -0.746492701   0.544081623  -0.6573380770  0.77756824   E             0.79794319    1            
0              1.273366406  -0.595293693  -0.039745683  -0.3526001761  0.61719480   E             0.82255278    1            
0              1.050823902  -0.511589315   0.682950187  -1.1189518624  0.98213960   E             0.79208891    1            
1             -0.349041219  -0.608020069   2.242162484  -1.2384856716  0.62070466   E             0.73264664    1            
1              0.039256037  -0.412571899   1.755938170  -1.2800774498  0.78935063   E             0.75320625    1            
0              0.761033539  -0.342145719   0.008468357  -1.3154969525  0.85543956   E             0.74296249    1            
1              1.213061632  -0.359562575   1.255089974  -0.3120366855  0.55834877   E             0.81874557    1            
0              0.021943807  -0.297862067  -0.056988540   1.2980331830 -0.79751915   E             0.81184135    1            
1              1.267848322  -0.449302497   0.219516906  -0.6246445245  0.72729906   E             0.80704568    1            
1              0.811211720  -0.264511374   0.235483563  -0.6342911753  0.62284000   E             0.79646525    1            
1              1.304958953  -0.319486561   1.623326392  -0.4978572398  0.52583180   E             0.78545187    1            
0              0.010119341  -0.324866817   0.315334275  -1.3908252333  0.78720515   E             0.73547575    1            
0              1.135565904  -0.311726575   0.551031980  -0.4900453142  0.53733523   E             0.79277998    1            
0             -0.220245502  -0.369322913   0.441528602  -1.3016096514  0.52744471   E             0.69560593    1            
1              1.301108422  -0.280962543   1.447379326  -0.5523073940  0.41131992   E             0.75347766    1            
0              1.005830294  -0.269477765   1.119419839  -0.5466565935  0.35946826   E             0.75078300    1            
1             -0.017319483  -0.375806812   1.473213805  -0.5706010954  0.52053657   E             0.80462038    1            
1              0.216107594  -0.297620646   0.150844037  -1.1317031384  0.80153879   E             0.77420012    1            
1              0.204040576  -0.125590388   0.957116136  -0.5100016157  1.37520389   E             0.91978020    1            
1             -0.156726899  -0.118313246   0.540054557  -0.5812039962  0.16927619   E             0.73373530    1            
0              1.568098789  -0.185394010   0.867729846  -0.6507144515  0.40063309   E             0.72768061    1            
0             -0.411589609  -0.025641773   0.461822616  -1.3016173014  0.53812647   E             0.70389881    1            
0              1.169341429  -0.003293015   2.401765478  -0.5821946713  0.53314064   E             0.77785634    1            
0              0.740689395  -0.044300228   1.168471549  -0.8808634442  0.73251314   E             0.78448236    1            
0              1.103761124  -0.001947951  -0.941557823  -0.4663698374  0.63282181   E             0.81435974    1            
0              0.070909222   0.071237336   0.665513499  -1.2800289998  0.37042391   E             0.65013190    1            
0              1.765385448  -0.149353188   0.352130857  -0.8386507409  0.89327205   E             0.79778991    1            
1              1.794734378  -0.058820023  -0.267353135  -0.1653903818  0.10804122   E             0.73553605    1            
1              0.112294851   0.027746928   1.249658070  -0.9611183253  0.62307839   E             0.76554291    1            
1              1.213940887   0.027746928   0.878620140  -0.8868661446  0.72854171   E             0.77127922    1            
1              0.865240431   0.005777546   0.789792357  -1.1647434909  0.82051843   E             0.75672081    1            
0             -0.369536959   0.168254400   2.238783304  -1.0544088075  0.36139564   E             0.70352427    1            
0              0.696817596   0.151630786   0.492748002  -1.1889060178  0.71468992   E             0.73372273    1            
1              0.337020334   0.182084419   0.530880785  -0.9579690751  0.37482138   E             0.70327736    1            
1             -0.702501780   0.401743744  -0.023986706  -0.9280065728 -0.26129598   E             0.57157090    1            
0              1.315206823   0.367599807   1.085764980  -0.8792250690  0.79197288   E             0.78283898    1            
1             -0.582619891   0.508245235   2.299495387  -1.4100866598  0.57231215   E             0.69789780    1            
0              0.304700128   0.552701330   1.760422050  -0.5986294225  0.45016682   E             0.77962713    1            
0             -0.514371502   0.422023173   0.261228559  -1.0141761794  0.38412861   E             0.72023917    1            
1              1.264179706   0.609538913   0.377926473  -0.3791444032  0.69427488   E             0.83240853    1            
0             -0.644319346   0.609538913   0.410589908  -1.0554632326  0.05382598   E             0.63201874    1            
1              0.990337213   0.714350452   0.199916188   0.0001478534  0.26533084   E             0.81190933    1            
1             -0.301227931   0.828922328   0.004855958  -0.3611374493  0.23816489   E             0.78637559    1            
1              0.621686761   0.828922328   0.858446061  -0.6593270772  0.39145266   E             0.74988391    1            
1             -0.532320434   0.772050256   0.189677487  -0.1701342746  0.05273041   E             0.78271460    1            
0             -0.835542177   0.839234486   0.074889069  -0.3346029123  0.21202350   E             0.79745617    1            
1              0.644122926   0.774740384   2.188916836  -1.0290490555  0.65389115   E             0.74771473    1            
0              0.982211683   0.878172370  -0.245099078  -0.9884747274  0.65626994   E             0.74580775    1            
1             -0.414500247   0.921766244   0.228978513  -1.2243956455  0.56523663   E             0.72397345    1            
0              1.250748326   0.809608586  -0.429770869  -0.4312945847  0.64234714   E             0.81743973    1            
0             -0.224065714   0.924663306   0.108546737  -1.1785823420  0.66654086   E             0.74942903    1            
0              0.482461260   1.045719081   0.006751294  -0.3909711766  0.63333409   E             0.83633434    1            
0             -0.046759370   1.010850879  -0.594260102  -1.1047980863  0.73752940   E             0.77154987    1            
0              0.109384213   1.097762717   1.084560856  -0.8014016131  0.50463566   E             0.76519700    1            
1              0.916661697   1.075138048   2.200279500  -0.7072645309  1.20671516   E             0.87787063    1            
1             -0.286492828   1.156704119   2.177221357  -1.1673406661  0.70732529   E             0.76166958    1            
0              1.531806776   1.270413774  -0.203605407  -0.6918446797  0.53102051   E             0.75135425    1            
0             -0.375540149   1.580675242   1.653754838  -1.4639911139  0.39098603   E             0.63394257    1            
1              1.264058430   1.572673835   1.229685545  -1.0035694536  0.88181934   E             0.78389866    1            
1              0.061965075   1.635615940   2.272618401  -0.2958203418  0.47740378   E             0.83044835    1            
0              0.069939009   1.546289884   0.210072909  -0.8713353684  0.50359082   E             0.75507403    1            
1              1.718997160   1.615474466   1.249065990  -0.7882015371  0.68416120   E             0.76436929    1            
0             -0.371356108   1.624027695  -0.126427408  -1.1320971134  0.59548131   E             0.74510637    1            
1              0.671076644   1.734150513  -0.286488398  -0.8966045954  0.46032615   E             0.72488168    1            
0              0.253218224   1.788228990   0.158959283  -1.1078784866  0.53049809   E             0.71691077    1            
0             -0.344463028   1.904076952   1.566140789   1.5389113015 -0.88584905   E             0.83425440    1            
1              0.843198415   2.073830948   0.330253414  -1.0048444537  0.67624371   E             0.75126784    1            
