bpt lgm_tot_p50 sfr_tot_p50 color_gr zoo RprojLW_Rvir logM200_L groupID distance weights
0              0.422853826  -1.0503262572  0.91275383   E             0.87268590    14.59888         1          0.80270193    1            
0             -0.032145543  -0.1245993037  0.44044368   E             0.96718081    14.59888         1          0.84621479    1            
0             -0.132047117  -1.3641879312  0.55620329   E             1.03245813    14.59888         1          0.68874123    1            
0              0.015485829  -1.5202186182  0.76938701   E             0.56415429    14.52893         2          0.70892520    1            
0              0.158137394  -0.7749759610  0.39043318   E             0.47935196    14.52893         2          0.74327942    1            
1             -0.481202360  -1.3808636575  0.76389397   E             0.18874563    14.52893         2          0.74515271    1            
0              1.697591846  -0.6978142301  0.79012665   E             0.21406428    14.49782        15          0.79923901    1            
0             -0.306624739  -1.6213388760  0.65951606   E             0.65116852    14.48298        80          0.67260845    1            
1              0.843198415  -1.0048444537  0.67624371   E             2.86090002    14.46389         4          0.75126784    1            
0             -0.071105641  -1.1569353903  0.63435358   E             0.23714956    14.46389         4          0.74169117    1            
0             -0.056552453  -1.3020393265  0.79567549   E             0.29497999    14.43986         3          0.75359968    1            
0              0.285477792   0.0157694096  0.60344445   E             0.47758517    14.42842        11          0.87782241    1            
0              0.536853801  -1.0719018088  0.74058785   E             1.28126709    14.42842        11          0.76254004    1            
0             -0.344463028   1.5389113015 -0.88584905   E             5.40856070    14.41467        18          0.83425440    1            
0              1.537597732  -0.7854947119  0.66916819   E             0.94321354    14.41467        18          0.76621188    1            
1              0.507717105  -1.0576562327  0.71043446   E             0.95007017    14.41185        28          0.75906415    1            
0              0.166990584  -0.8485396417  0.58233454   E             1.56868875    14.39986        14          0.77279084    1            
0              1.391550423  -0.6133097736  0.50789700   E             0.47105602    14.39986        14          0.76236116    1            
0              0.253218224  -1.1078784866  0.53049809   E             2.50779396    14.38108        17          0.71691077    1            
0              2.244700769  -0.4660332373  0.61981198   E             0.34183873    14.38108        17          0.78633350    1            
0              0.405844787  -1.2724312742  0.78701748   E             0.16766453    14.38108        17          0.74421183    1            
0              1.539022731  -0.8466182165  0.65434763   E             0.49587195    14.38108        17          0.75345640    1            
1              0.671076644  -0.8966045954  0.46032615   E             1.58954723    14.36540        66          0.72488168    1            
1              2.910145305  -0.4653319873  0.70591019   E             0.55893228    14.36540        66          0.78766972    1            
1              1.134262181  -0.9412984488  0.73517089   E             0.33744119    14.36540        66          0.76637635    1            
0              0.685387279  -0.6651602026  0.68035715   E             1.29415913    14.35545         7          0.80583312    1            
0              0.511931466  -0.5816362212  0.52221542   E             0.32082027    14.35545         7          0.79140810    1            
0             -0.161274770  -1.1139054120  0.65615329   E             0.64224863    14.34407         5          0.75581861    1            
0             -0.395399187  -0.8293343152  0.66163111   E             0.22448957    14.34407         5          0.80421351    1            
0             -0.474319915  -0.6693919279  0.33445286   E             1.25265272    14.34407         5          0.76436972    1            
0              0.478064984  -0.9292178229  0.85388244   E             0.81668209    14.34407         5          0.80690778    1            
1              0.319708104  -0.1832473957  0.52350880   E             0.94748509    14.34407         5          0.84592425    1            
1              0.061965075  -0.2958203418  0.47740378   E             6.86489504    14.33683         9          0.83044835    1            
0             -0.051549794  -0.8787061440  0.41368857   E             0.22328037    14.33683         9          0.73713420    1            
1             -0.487175231  -0.7526137343  0.33501079   E             0.10188529    14.33683         9          0.75176085    1            
0             -0.371356108  -1.1320971134  0.59548131   E             1.91949727    14.33347        45          0.74510637    1            
1              1.756107791  -0.5289085922  0.50287059   E             1.18784238    14.33347        45          0.76506915    1            
0              0.861086709  -1.1007588860  0.63942563   E             0.76222179    14.33347        45          0.72662348    1            
1              1.718997160  -0.7882015371  0.68416120   E             4.75494208    14.33099        62          0.76436929    1            
0             -0.375540149  -1.4639911139  0.39098603   E             5.58916847    14.32090        10          0.63394257    1            
1              1.264058430  -1.0035694536  0.88181934   E             4.71499119    14.31858        29          0.78389866    1            
1              0.073819859  -0.7249411322  0.58203529   E             0.43657524    14.31858        29          0.79293173    1            
1              0.695695788   1.0404877532  0.23647590   E             0.90974496    14.31559        12          0.91376305    1            
0              1.242319605  -1.0039494036  0.77779648   E             0.93697552    14.31559        12          0.76299352    1            
0              0.069939009  -0.8713353684  0.50359082   E             2.61315969    14.31093        61          0.75507403    1            
1              1.767174277  -0.0543582733  0.38363155   E             0.59249068    14.31093        61          0.80927437    1            
0              1.088177085  -1.0550514075  0.65450994   E             0.40547223    14.30717        53          0.73153221    1            
1              2.013881139  -0.6797500287  0.79646166   E             0.04998285    14.29510       141          0.79574482    1            
0              2.065423681  -0.7895275372  0.75719885   E             0.73489743    14.28417        59          0.77076009    1            
1              0.343296396  -0.8675996182  0.29379524   E             0.51693461    14.28417        59          0.69937064    1            
1              0.583151131  -0.4969532647  0.51604780   E             0.75679691    14.27083        34          0.80037568    1            
1              1.264179706  -0.8666816181  1.11902940   E             0.63995795    14.24369        64          0.84344921    1            
0              1.627069521  -0.8574786674  0.79722247   E             0.92644148    14.24333       113          0.77956824    1            
1              0.224202805  -1.3730389819  0.41177133   E             0.58547245    14.24002        68          0.63806287    1            
0              1.081112725  -0.7527973343  0.64530415   E             0.57208041    14.23404        40          0.77752282    1            
1              0.218290572  -1.0672595335  0.80715863   E             0.57748656    14.23404        40          0.78476029    1            
0              1.531806776  -0.6918446797  0.53102051   E             1.76040239    14.23094       121          0.75135425    1            
0              1.970646042  -0.8288549152  1.10536020   E             0.30863955    14.23040       129          0.83215509    1            
1             -0.500636930  -0.7177960317  0.29023972   E             0.81689445    14.23041        58          0.74784778    1            
0              0.286963430  -0.9877709274  0.23466010   E             0.11563308    14.23041        58          0.66373167    1            
0              0.795536723  -1.1616324907  0.81931128   E             1.00454705    14.23041        58          0.75875108    1            
0              0.154286863  -1.0922737604  0.45907336   E             0.82546639    14.22571         6          0.70529333    1            
0              1.655478557  -0.6599709522  0.77830876   E             0.18177931    14.22571         6          0.80313285    1            
0              2.762582039  -0.0135947351  0.89269383   E             0.98989690    14.22452       138          0.87408756    1            
1              2.305187458  -0.6080746232  0.68620016   E             1.06452291    14.22452       138          0.77743976    1            
1              0.197218769  -1.2454178471  0.50325606   E             0.29402004    14.22452       138          0.68726863    1            
0              0.491587321  -1.0351741560  0.64538023   E             1.13791142    14.21601        27          0.74889080    1            
0              1.511462631  -0.8260843400  0.71297556   E             1.00564280    14.21336       119          0.76983977    1            
1             -0.286492828  -1.1673406661  0.70732529   E             6.66824339    14.19797        57          0.76166958    1            
1              0.996340403  -0.8968646954  0.75828427   E             0.31477969    14.19797        57          0.78117758    1            
0              1.052188263  -0.8354798157  0.62182052   E             0.15397384    14.19797        57          0.76079259    1            
1              1.583106764  -0.8188104644  0.68599221   E             0.26242576    14.19797        57          0.76348298    1            
0              0.942190415  -0.4028068750  0.51111268   E             0.79500603    14.19797        57          0.80421907    1            
0              0.734716524  -0.7545236845  0.54572441   E             0.45655459    14.18562       130          0.76525206    1            
1              1.495757315  -0.8213821396  0.51665137   E             0.72197904    14.18448       143          0.72774068    1            
0              2.206862480  -0.6903848046  0.77449964   E             0.41361357    14.18208       148          0.78547376    1            
0              0.109384213  -0.8014016131  0.50463566   E             4.41583087    14.18088        49          0.76519700    1            
0             -0.336398136  -1.6232411761  0.67308889   E             1.39566373    14.18088        49          0.67666836    1            
0              0.587274535  -0.9857207272  0.07322660   E             0.68699266    14.18088        49          0.61062567    1            
1              0.916661697  -0.7072645309  1.20671516   E             6.71577549    14.17432       168          0.87787063    1            
0              0.482461260  -0.3909711766  0.63333409   E             2.19403211    14.16579       134          0.83633434    1            
0             -0.280550276  -0.7719720608  0.52290522   E             0.56074269    14.15719       144          0.78294681    1            
1              1.626068989  -0.5683723952  0.50018747   E             0.88040008    14.15591        46          0.76170665    1            
0             -0.046759370  -1.1047980863  0.73752940   E             0.95510603    14.15568        16          0.77154987    1            
0              0.720133016  -1.0033386786  0.53186248   E             1.31426822    14.15568        16          0.72202363    1            
0              0.353210756  -1.1040853613  0.76037903   E             0.52527672    14.15568        16          0.76641891    1            
0              0.677443664  -0.4626838121  0.76070364   E             0.30545968    14.15568        16          0.84447176    1            
0              0.169598030  -0.0815049378  0.33558393   E             0.22856050    14.15568        16          0.83070132    1            
0              0.111324638  -1.2621305484  0.61839688   E             0.11452760    14.15348        41          0.71510877    1            
1              0.202342704  -0.9245411225  0.12347549   E             0.56896419    14.13993        24          0.64919139    1            
0             -1.073183614  -1.8176060160  0.35413753   E             0.09910018    14.13993        24          0.57480771    1            
0              0.073759221  -1.0713573838  0.86328096   E             0.39016625    14.13897        94          0.79840369    1            
1             -0.545569899  -1.1810838922  0.40204820   E             0.80496172    14.13857        20          0.69597941    1            
1              0.696605362  -0.8126815389  0.35970157   E             0.59011492    14.13857        20          0.71482260    1            
0              0.447412331  -0.6952795299  0.61737232   E             0.45515545    14.13114        48          0.79526409    1            
1              0.910719145  -0.8078658636  0.63425213   E             0.16231324    14.13114        48          0.77121334    1            
0             -0.224065714  -1.1785823420  0.66654086   E             2.40387344    14.13069        74          0.74942903    1            
0              0.395748513  -1.4777509150  0.85180797   E             1.64887620    14.13069        74          0.72506459    1            
0              0.380558622  -1.1086485866  0.42844826   E             0.23711956    14.13069        74          0.68800540    1            
1             -0.414500247  -1.2243956455  0.56523663   E             2.65213174    14.12985        35          0.72397345    1            
0              0.982211683  -0.9884747274  0.65626994   E             1.67486726    14.11721       174          0.74580775    1            
0              2.552561340  -0.4056779202  0.58685881   E             0.46343381    14.11721       174          0.78118623    1            
0              1.630495584  -0.5216334416  0.48199906   E             0.77459492    14.11204        86          0.76496361    1            
0             -0.835542177  -0.3346029123  0.21202350   E             2.33449146    14.10592        77          0.79745617    1            
1              2.213714606  -0.5564422193  0.71810342   E             0.63177334    14.10531        93          0.79336467    1            
1             -0.853854939  -1.5575722961  0.52298130   E             0.41925136    14.10350        70          0.66626992    1            
1              1.770630660  -0.6022389478  0.50509215   E             0.04868080    14.10350        70          0.75370607    1            
1              0.621686761  -0.6593270772  0.39145266   E             3.94971739    14.10293        50          0.74988391    1            
1             -0.301227931  -0.3611374493  0.23816489   E             2.19012506    14.10293        50          0.78637559    1            
1              1.850551919  -0.5947508722  0.56658072   E             0.26975573    14.10219       172          0.76599091    1            
0             -0.141749243  -0.7171853066  0.52939746   E             0.13500014    14.10103       103          0.78883049    1            
0              1.250748326  -0.4312945847  0.64234714   E             1.29418446    14.09733       132          0.81743973    1            
1              2.265044914  -0.1745272875  0.26085221   E             0.21908771    14.09480       210          0.75551219    1            
1              0.453991585  -0.7534832844  0.41182713   E             0.37734897    14.09246        39          0.74363262    1            
0              0.069817732  -0.7833782117  0.76823565   E             0.18687215    14.09246        39          0.81932878    1            
1              0.518783592  -1.1464051645  0.49657109   E             0.52676320    14.08958       203          0.69402387    1            
1              0.847321818  -1.0515120073  0.64835753   E             0.82842061    14.08823        44          0.73732861    1            
1              0.644122926  -1.0290490555  0.65389115   E             6.69235247    14.08722        92          0.74771473    1            
1             -0.132805096  -1.5554927709  0.60872446   E             1.43705974    14.08722        92          0.66647111    1            
0              1.307141931  -0.7667687854  0.53448473   E             0.82801533    14.08722        92          0.74600581    1            
1             -0.532320434  -0.1701342746  0.05273041   E             2.57111653    14.08644       281          0.78271460    1            
0              1.798039164  -0.7704063607  0.77271935   E             0.53848206    14.08644       281          0.78327242    1            
1              0.709248444  -0.6342707753  0.52395006   E             0.90195081    14.08424        85          0.77948021    1            
1              0.377678304  -1.1676466662  0.79669497   E             0.44878159    14.08307       184          0.76368387    1            
1              0.990337213   0.0001478534  0.26533084   E             2.59222261    14.06971       202          0.81190933    1            
0              1.557487089  -0.7431876586  0.81125178   E             1.01972759    14.06971       202          0.80015052    1            
1              1.733186519  -0.4348888100  0.65945012   E             0.39164865    14.06487       106          0.80971659    1            
0              0.989336681  -0.3858577887  0.30546097   E             0.66697217    14.05999       224          0.76482943    1            
0              2.136400793  -0.7027191555  0.47508077   E             0.19626787    14.05439       196          0.72025974    1            
1              2.753880445  -0.4666312124  0.74777496   E             0.72049017    14.05121       171          0.79914647    1            
0             -0.305442292  -1.1616006157  0.64643522   E             0.63703444    14.04944        47          0.74987778    1            
0              0.629691015  -0.7292888825  0.49586607   E             0.58307794    14.04944        47          0.76125140    1            
1              1.443911582  -0.9064029711  0.71973662   E             1.20426421    14.04848       225          0.76062554    1            
0              1.436271158  -0.8377225409  1.30591956   E             0.57785109    14.04791       127          0.87034951    1            
0             -0.644319346  -1.0554632326  0.05382598   E             3.02650583    14.03932       272          0.63201874    1            
1              1.264179706  -0.3791444032  0.69427488   E             2.95917336    14.03932       272          0.83240853    1            
0             -0.087205106  -1.0166726296  0.62401672   E             0.39992421    14.03932       272          0.76223216    1            
1              0.663223986  -1.1313690884  0.70354153   E             0.31289654    14.03099       312          0.74163438    1            
0              0.329531506  -1.0074135789  0.67538653   E             0.91795533    14.02886       197          0.76395827    1            
1              1.436847222  -0.9903209276  0.61040331   E             0.32408974    14.02860       151          0.72250963    1            
1              1.510128589  -0.5636803948  0.61801140   E             1.02551817    14.02842       205          0.78929901    1            
1              2.693848544  -0.7186056567  0.90378136   E             0.34574941    14.02798       187          0.79525378    1            
0              0.861996283  -1.0422580565  0.92357253   E             0.52729059    14.02669       128          0.79592892    1            
0              0.304700128  -0.5986294225  0.45016682   E             5.80905247    14.02284       135          0.77962713    1            
1             -0.108610420  -1.5454891202  0.67903842   E             0.87537571    14.02284       135          0.68567142    1            
0              1.125560588  -0.6172533489  0.37925436   E             0.30391608    14.01436       158          0.74053265    1            
1              3.678159499  -0.1413252649  1.27043036   E             0.26194277    14.01356       201          0.89499045    1            
0             -0.725210818  -1.1054674614  0.60651304   E             0.17014458    14.01195       104          0.76101352    1            
1             -0.582619891  -1.4100866598  0.57231215   E             6.92029931    14.00995       271          0.69789780    1            
1              1.542842943  -0.4772774632  0.40772890   E             0.43021136    14.00995       271          0.75826872    1            
0              1.680067382  -0.4672814624  0.84291665   E             0.56254115    14.00823       233          0.83798141    1            
0              0.073698583  -0.8309140403  0.50959614   E             0.49480536    13.99239        69          0.76259780    1            
0              0.131365591  -0.9123788966  0.66579020   E             0.83182738    13.99120        31          0.78116678    1            
1             -0.401220463  -0.8173760893  0.35275793   E             0.49355950    13.98834       115          0.74294415    1            
1              1.760898215  -0.8520025420  0.78882821   E             0.97358686    13.98834       115          0.77541470    1            
0              0.256037905  -0.9899970775  0.39483066   E             1.25365704    13.98655       189          0.70483551    1            
1             -0.016288632  -0.9735164263  0.61370015   E             0.69311220    13.98655       189          0.76491139    1            
0             -0.514371502  -1.0141761794  0.38412861   E             2.71861205    13.98495        97          0.72023917    1            
0              2.691271417   0.0168300822  0.44272611   E             1.13117251    13.98495        97          0.80930260    1            
1             -0.702501780  -0.9280065728 -0.26129598   E             2.13066874    13.97907       325          0.57157090    1            
1              1.921104563  -0.5909220469  0.66105797   E             0.81365651    13.97888       256          0.78415641    1            
1              2.112600266  -1.0309245807  1.03799818   E             0.43827240    13.97739       304          0.79067092    1            
1              0.805754274  -1.3267450034  0.70511387   E             1.49258392    13.97739       304          0.70454635    1            
0              0.859601071  -0.5634355948  0.59895060   E             0.33619267    13.97584       222          0.80061369    1            
0              1.315206823  -0.8792250690  0.79197288   E             4.41831306    13.96917        19          0.78283898    1            
0             -0.536080008  -0.9331473732  0.71053083   E             0.20955415    13.96917        19          0.80237390    1            
0              2.127274731  -0.5426352432  0.86696835   E             0.34955089    13.96873       194          0.82405390    1            
1              0.866331921  -0.3926164367  0.67830297   E             0.24551917    13.96873       194          0.83596845    1            
1              0.965172325  -0.9399902987  0.68495244   E             0.43071713    13.96873       194          0.76023001    1            
0             -0.378844936  -1.4351429617  0.73660629   E             0.31673103    13.96446       102          0.72711329    1            
1              1.272032364  -0.9318455981  1.02083941   E             0.18887668    13.96446       102          0.81935485    1            
1             -0.086143936  -1.2326997212  0.66028701   E             0.25472478    13.96382       332          0.73545768    1            
1             -0.342401327  -1.4594125885  0.68157952   E             0.71715767    13.96059       108          0.70879323    1            
0              2.461694871  -0.6610802023  0.55602577   E             0.43903443    13.96059       108          0.73703275    1            
1              0.126726763  -0.8016566131  0.09603565   E             0.21497977    13.96059       108          0.66798742    1            
1              0.536489971  -1.1215949376  0.69997588   E             0.06034317    13.95427        52          0.74583195    1            
1              0.182695899  -0.4140476584  0.44436438   E             0.58974043    13.94864        38          0.80718776    1            
1              1.959640193  -0.2215124436  0.54611496   E             1.24084945    13.94243       517          0.81242886    1            
0             -0.326968883  -1.6433861777  0.65816689   E             0.95260894    13.93576       455          0.66872358    1            
0             -0.228401351  -1.2243663205  0.45094285   E             1.27668073    13.92765        73          0.69081192    1            
1              1.719270033  -0.6985983552  0.65915594   E             0.69003360    13.92631       169          0.77278133    1            
1              1.258661622  -0.9322816481  0.92509415   E             0.89396329    13.92631       169          0.80235882    1            
0              2.296000758  -0.2758942578  0.40288001   E             0.24328701    13.92500       739          0.76920589    1            
0             -0.435844923  -0.5380184679  0.33881991   E             1.09583488    13.92275        83          0.78396686    1            
0              3.231012788  -0.4153319660  0.52611076   E             0.26214848    13.91889       389          0.74979065    1            
1              0.337020334  -0.9579690751  0.37482138   E             3.27447368    13.91538       199          0.70327736    1            
1              1.413592440  -0.7824512866  0.64367602   E             0.94378980    13.91437       413          0.76444119    1            
1              1.186956851  -0.5597023945  0.39083895   E             0.56662705    13.91366       254          0.75081220    1            
1              2.599374096  -0.5382709179  0.98115055   E             0.22655583    13.91338       333          0.83415333    1            
1              1.153393560  -0.8534904671  0.71702307   E             0.66209422    13.91338       333          0.77541039    1            
0             -0.369536959  -1.0544088075  0.36139564   E             6.79514731    13.91137       166          0.70352427    1            
0              1.124408460  -0.8632824678  0.76222019   E             0.49500114    13.91137       166          0.78378681    1            
0              0.696817596  -1.1889060178  0.71468992   E             3.19586669    13.90655       680          0.73372273    1            
1              2.449931044  -0.7069929558  1.15870812   E             0.69289543    13.90416       303          0.84558892    1            
0              1.307172250  -0.6481160013  0.53795909   E             0.80661621    13.89294       358          0.76549526    1            
0              0.070909222  -1.2800289998  0.37042391   E             3.55200582    13.88324       170          0.65013190    1            
0              1.345829157  -0.1511300157  0.53701569   E             0.62837194    13.88154       341          0.83227698    1            
0              1.244775455  -0.5904796219  0.61493773   E             0.40734751    13.87885       707          0.79109231    1            
0              2.683540035  -0.7574051847  0.63153858   E             0.20172080    13.87601        98          0.73215141    1            
0              1.058524964  -0.8661104180  0.65994719   E             0.75709750    13.87317       149          0.76398924    1            
1              0.301365022  -1.1294068632  0.55136962   E             0.60374852    13.87317       149          0.71676773    1            
1              1.213940887  -0.8868661446  0.72854171   E             3.99130427    13.87063       246          0.77127922    1            
1              0.112294851  -0.9611183253  0.62307839   E             4.75616260    13.87063       246          0.76554291    1            
1             -0.574312446  -1.2639321236  0.21638547   E             1.04000621    13.86540        33          0.63260917    1            
1              0.865240431  -1.1647434909  0.82051843   E             3.80819451    13.86426       774          0.75672081    1            
1              0.748754287  -1.0125824293  0.73462818   E             0.97148227    13.86319       549          0.76505467    1            
0              3.225615981  -0.6579424271  0.62517822   E             0.25927284    13.86298       435          0.73241352    1            
0              1.103761124  -0.4663698374  0.63282181   E             0.23918583    13.86202       480          0.81435974    1            
1              0.381286282  -0.8618340677  0.66051526   E             0.62865835    13.86176       101          0.78148784    1            
1             -0.731274646  -0.6578786771  0.24571212   E             1.33891348    13.86176       101          0.75373883    1            
0              1.169341429  -0.5821946713  0.53314064   E             7.13111908    13.86163       209          0.77785634    1            
1              1.248535029  -0.8354173407  0.53909016   E             0.04310698    13.85725       815          0.73736654    1            
1              0.604041020  -0.7517237843  0.52013588   E             0.43259826    13.85725       815          0.76358785    1            
0             -0.411589609  -1.3016173014  0.53812647   E             3.13211703    13.85515        88          0.70389881    1            
0             -0.351254516   0.6160731157  0.23550206   E             0.90325382    13.85515        88          0.89505948    1            
0              0.177541645  -1.2771678996  0.55015232   E             0.30472978    13.85466       408          0.69381714    1            
1              0.295725662  -1.1878413927  0.54510055   E             0.53125566    13.85342       262          0.70514244    1            
1              1.653992919  -0.7732547109  1.10448781   E             0.68908238    13.85302       790          0.84450346    1            
1              1.701169505  -0.4067943103  0.67321569   E             0.59816912    13.85278       471          0.81651036    1            
0             -0.462556088  -0.6999065053  0.28174910   E             0.44615653    13.85196        63          0.74784451    1            
0              1.754834387  -0.3706465275  0.61531307   E             0.19717524    13.84997       268          0.80973588    1            
0              0.740689395  -0.8808634442  0.73251314   E             4.58880454    13.84974       302          0.78448236    1            
1              1.079445172  -0.7954231376  0.52004458   E             0.52032607    13.84941       247          0.74421769    1            
0              0.371857028  -0.7577022597  0.83368043   E             0.85862354    13.84670        99          0.82750920    1            
1              1.794734378  -0.1653903818  0.10804122   E             1.62899270    13.84553       574          0.73553605    1            
0              2.189398654  -0.5662405950  0.78276203   E             0.67785391    13.84553       574          0.80475201    1            
1              2.156775256  -0.3417347528  0.80907080   E             0.13152576    13.84186       404          0.83806309    1            
0              2.963416038  -0.1514576907  0.80269015   E             0.19120180    13.84164       988          0.84365444    1            
1             -0.156726899  -0.5812039962  0.16927619   E             3.29338451    13.82828       418          0.73373530    1            
1              1.839940219   0.0112964543  0.86798783   E             0.58826620    13.82828       418          0.88693451    1            
1              1.944723175  -0.9045299960  0.79060343   E             0.29630072    13.82696       230          0.76321500    1            
1              0.204040576  -0.5100016157  1.37520389   E             4.15311608    13.82617       298          0.91978020    1            
1              0.750755350  -0.7797546614  0.69887524   E             1.48693276    13.82136       258          0.79209736    1            
1              1.159063240  -0.4652452873  0.51626082   E             0.65016208    13.82136       258          0.79165723    1            
0             -0.096664678  -1.3396033794  0.64957482   E             0.66421679    13.82051       116          0.71502240    1            
0             -0.038573201  -1.3132886523  0.62289579   E             0.27627043    13.82051       116          0.71155107    1            
0              0.063632627  -1.0079261289  0.75772127   E             0.11769161    13.82001       496          0.78720373    1            
0              1.765385448  -0.8386507409  0.89327205   E             2.90599823    13.81928       651          0.79778991    1            
1             -0.115371589  -0.7761578861  0.50150620   E             0.20036987    13.81625       502          0.77398721    1            
0              1.568098789  -0.6507144515  0.40063309   E             3.96885500    13.80883       908          0.72768061    1            
1              0.681627706  -0.5544009441  0.79010129   E             0.10149692    13.80652       604          0.83852650    1            
1              1.753136515  -0.5751375457  0.42366531   E             0.17910711    13.80481       123          0.74049701    1            
1              1.069288259  -0.8297894903  0.85289339   E             0.32549460    13.80481       123          0.80701569    1            
1              2.066454531  -0.8466347915  1.39171344   E             0.36914588    13.80204       589          0.87083968    1            
0              1.416078609  -0.8410821661  0.51605794   E             0.04254066    13.80192       996          0.72648300    1            
1              0.025521466  -1.2154884948  0.72046699   E             1.27626701    13.79695       334          0.74878475    1            
1              0.077882624  -1.2491306474  0.62831275   E             0.47905580    13.79671       136          0.72067286    1            
0              0.943342542  -0.8724535435  0.43457024   E             0.53234685    13.79537       367          0.71522732    1            
0             -0.414773119  -1.2015884438  0.60427626   E             0.20695959    13.79301       243          0.73684652    1            
0              1.747982260  -0.0527589131  0.78468941   E             0.20071768    13.78801       998          0.87215514    1            
1              0.811211720  -0.6342911753  0.62284000   E             2.66554126    13.78589       323          0.79646525    1            
0              1.005830294  -0.5466565935  0.35946826   E             4.48768925    13.78445       742          0.75078300    1            
0              0.934640948  -0.5337994925  0.50514287   E             0.47082140    13.78445       742          0.78496163    1            
0              1.460708387  -0.7345176579  0.81054676   E             0.84918102    13.78216       240          0.80336415    1            
0              0.388168727  -1.2229026204  0.58745224   E             0.33825066    13.78216       240          0.70653155    1            
1              1.301108422  -0.5523073940  0.41131992   E             5.16374558    13.78112       552          0.75347766    1            
0             -0.275365703  -1.2981544012  0.74543167   E             0.21659878    13.78051       265          0.74895740    1            
1              0.991853170  -0.6709461531  0.63284717   E             0.74899302    13.77994       346          0.78906314    1            
1              0.739840459  -0.8379584159  0.62901777   E             0.45188944    13.77994       346          0.76982710    1            
0              1.726334393  -0.5229313917  0.76159125   E             0.36847541    13.77849       550          0.81662979    1            
1              1.757835982  -0.0575048460  0.41607751   E             0.11002864    13.77849       550          0.81487601    1            
0              0.241060248  -1.0098603041  0.49960925   E             0.23512061    13.77631       700          0.72681708    1            
1              0.216107594  -1.1317031384  0.80153879   E             2.49106518    13.77629       239          0.77420012    1            
0              0.021943807   1.2980331830 -0.79751915   E             2.06263869    13.77622       469          0.81184135    1            
0              1.329183947  -0.8099109637  0.78681967   E             0.21506654    13.77492       748          0.79143461    1            
0              1.110219101  -0.5730325206  0.77665527   E             0.12405261    13.77440       420          0.82566784    1            
0              1.135565904  -0.4900453142  0.53733523   E             3.31601339    13.77220      1203          0.79277998    1            
0              0.728197908  -1.0143674294  0.81293570   E             0.12753947    13.77045       142          0.78140644    1            
1              1.304958953  -0.4978572398  0.52583180   E             5.52644321    13.76995       626          0.78545187    1            
0              0.010119341  -1.3908252333  0.78720515   E             2.83014568    13.76839       163          0.73547575    1            
1             -0.141294456  -1.2952614260  0.68598207   E             1.06173842    13.76839       163          0.73240798    1            
1              1.773905127  -0.5761396958  0.61047432   E             0.32144240    13.76669       492          0.77972333    1            
0              1.002070721  -0.7927685874  0.36634597   E             1.37848023    13.76461       490          0.71110482    1            
0              2.894682542  -0.3340744247  0.85382157   E             0.07850843    13.76422       436          0.83188921    1            
0              0.761033539  -1.3154969525  0.85543956   E             2.19757167    13.76338        72          0.74296249    1            
0              0.853112775  -1.3855416329  0.72692880   E             1.17142628    13.76338        72          0.69797197    1            
1             -0.435420455  -1.0412622815  0.61432401   E             1.12318558    13.76254       183          0.76522850    1            
0              3.019809643  -0.2911126589  0.91382403   E             0.08973850    13.76165       559          0.84404799    1            
1              2.023431668  -0.4754669631  0.80656520   E             0.40333967    13.76142       472          0.82422851    1            
1              1.213061632  -0.3120366855  0.55834877   E             4.76735993    13.75833       357          0.81874557    1            
0             -0.220245502  -1.3016096514  0.52744471   E             3.09028291    13.75550       155          0.69560593    1            
0              1.656539727  -0.6383291006  0.63228925   E             0.50565082    13.75488       826          0.77781201    1            
1             -0.017319483  -0.5706010954  0.52053657   E             5.21700083    13.75362       122          0.80462038    1            
0              1.830996072  -0.4410024354  0.55861252   E             0.51894199    13.75036       897          0.78764679    1            
1              1.552363154  -0.6252832996  0.61132643   E             0.21841920    13.75008       590          0.77802391    1            
1              0.719617591  -0.7686774606  0.60669564   E             0.03834047    13.74972       759          0.77613362    1            
0              2.025281136  -0.6212249743  0.68800582   E             0.21313409    13.74809       685          0.78263416    1            
0              1.325939799  -0.5231583417  0.65880597   E             0.38505112    13.74795       955          0.80677766    1            
1              1.396249890  -0.7718012108  0.84353544   E             0.60660499    13.74596       235          0.80586209    1            
1              2.247186939  -0.6976421051  0.77473296   E             0.20101123    13.74596       235          0.78351007    1            
1              0.039256037  -1.2800774498  0.78935063   E             5.79980939    13.74296       133          0.75320625    1            
1             -0.061312558  -1.0632126832  0.62219585   E             0.41720744    13.74128       356          0.75386651    1            
1             -0.251504538  -1.4767360149  0.83277760   E             1.54551107    13.73457       724          0.73873180    1            
1              0.840014905  -0.9572142750  0.50706518   E             0.57902577    13.73457       724          0.72071498    1            
1              1.267848322  -0.6246445245  0.72729906   E             2.63262757    13.73231       873          0.80704568    1            
1              1.229312693  -0.7590869098  1.03702942   E             0.16956105    13.73209       562          0.84354709    1            
1              2.727078324  -0.5867884966  0.64601424   E             0.16630234    13.72808      1783          0.76177811    1            
0              1.496757847  -0.2394395825  1.00730715   E             0.09455156    13.72528       419          0.88665956    1            
0              2.060693894  -0.4334008848  0.79774996   E             0.21823503    13.71944       974          0.82716572    1            
0             -0.009739697  -1.1363007888  0.67741029   E             0.40019764    13.71908       940          0.75293712    1            
0              1.680916318   0.3942322786  0.89869915   E             0.20042304    13.71908       813          0.92026750    1            
1              1.981621571  -0.4578783367  0.46999857   E             2.45798949    13.71790       571          0.76334901    1            
0              0.261101201  -0.9024109458  0.33984446   E             3.61754268    13.71475       330          0.70685042    1            
0              0.590427725  -0.5822354713  0.35355931   E             0.54525720    13.71475       330          0.75471032    1            
0              1.050823902  -1.1189518624  0.98213960   E             3.58794985    13.71425       845          0.79208891    1            
0             -0.302228463  -1.3163129526  1.82764678   E             0.08921847    13.71425       845          0.91306488    1            
0             -0.185742318  -1.0611165830  0.61473485   E             3.20641747    13.71103       217          0.75581987    1            
0              1.662148768  -0.7852091118  0.59918392   E             0.28106545    13.71103       217          0.74792973    1            
1              0.628599526  -1.3174706527  0.76739369   E             0.51073557    13.70760       653          0.72612083    1            
1              0.021670934  -0.5064915405  0.37133181   E             0.68456547    13.70376       932          0.78409023    1            
1              2.605953350  -0.2552262512  0.84166892   E             0.40533900    13.70376       932          0.84461137    1            
0              2.344693301  -0.4730444629  1.02983217   E             0.16109631    13.70328       688          0.85373265    1            
0              0.460025094  -1.1904156179  0.73139728   E             0.50933371    13.70055       448          0.74369312    1            
0              0.361942669  -0.7677581855  0.78836665   E             0.44718317    13.69436       374          0.81871635    1            
0              0.100227832  -0.8036124632  0.55386507   E             0.30150702    13.69436       374          0.77531514    1            
1             -0.723785818  -1.2126363196  0.18049051   E             4.79521376    13.69272       894          0.63789512    1            
0              1.273366406  -0.3526001761  0.61719480   E             2.09818315    13.68998      1537          0.82255278    1            
1             -0.349041219  -1.2384856716  0.62070466   E             6.80211316    13.68629      1226          0.73264664    1            
1              0.413545849  -1.3050623517  0.68651463   E             5.78287454    13.68383       137          0.71524375    1            
0             -0.476290659  -0.9318608981  0.37219406   E             0.39185355    13.68383       137          0.73041484    1            
0              1.935506156  -0.5105995908  0.73781344   E             0.50824798    13.68344      1554          0.80951635    1            
0              0.121117721  -1.1381622889  0.75122903   E             0.53260155    13.68170        75          0.76512256    1            
1              1.420383928  -0.5048047153  0.64413758   E             4.44937988    13.68104       730          0.80445884    1            
1              0.384530430  -0.6059109481  0.59326482   E             6.90394722    13.68104       730          0.80439553    1            
0              2.101078992  -0.4389637103  0.52636436   E             0.41891383    13.68036       690          0.77498247    1            
0              1.632708881  -0.7977742378  0.79637543   E             0.27541861    13.67799      1980          0.78792499    1            
0              0.422853826  -0.9831898520  0.61822950   E             0.61619211    13.67516       175          0.75306085    1            
1              0.544191033  -1.0285301305  0.49456255   E             0.91612061    13.67411       186          0.71380771    1            
1              0.356303308  -0.8449199164  0.76042468   E             0.07925401    13.66763       726          0.80370745    1            
0              0.303184171  -0.6886712044  0.51738175   E             3.88523710    13.66754       591          0.77997896    1            
1              1.323544587  -0.4564184616  0.56540908   E             3.93442611    13.66486      1051          0.79851384    1            
1             -0.050427986  -1.0924803104  0.50159750   E             3.24061050    13.66470       338          0.72135577    1            
0              0.836861714  -0.3864337062  0.73559188   E             0.54351202    13.66374       583          0.84621538    1            
0              1.160154729  -0.6836719290  0.59438575   E             5.39658108    13.66293      1043          0.77548597    1            
0              0.649671330  -0.9773643766  0.56294913   E             0.04523645    13.66242        78          0.73558845    1            
0             -0.488933741  -1.0999326860  0.47609011   E             6.18058888    13.66126      1510          0.72643668    1            
0              0.722831420  -0.7652744853  0.52855042   E             0.50882507    13.66095       399          0.76024179    1            
0              0.781135131  -0.9920026527  0.84256160   E             0.32298885    13.66095       399          0.78923911    1            
1              0.664315475  -0.6879980044  0.59624212   E             1.16830680    13.65846      1292          0.78715184    1            
1              0.167596966  -0.8278502151  0.35569972   E             5.61509916    13.65434       407          0.72625955    1            
0              2.647399618  -0.4540520614  0.52380805   E             0.12374444    13.65410       280          0.75838143    1            
1             -0.351648665  -1.3943161836  0.73104731   E             0.58201310    13.65410       280          0.73196466    1            
0              1.592050911  -0.7197786568  0.58096508   E             0.78524740    13.65354      1035          0.75622342    1            
1              0.012575192  -0.7985558129  0.53780693   E             0.24082733    13.65277       632          0.77493509    1            
0              1.670607809   0.0652457884  0.44029152   E             0.51620664    13.64771      1057          0.83586440    1            
1              1.896151909  -0.6573380770  0.77756824   E             3.30168591    13.64614      1206          0.79794319    1            
0              2.242639067  -0.7551267595  0.92471882   E             0.13763847    13.64614      1206          0.80435516    1            
1              1.440121689  -0.9359268734 -3.96620185   E             6.55480356    13.64614      1466          0.01250365    1            
1              1.319299907  -0.6583185521  0.63136613   E             0.39477998    13.64614      1466          0.78283292    1            
1              1.911584352  -0.5448677684  0.55322092   E             2.42330345    13.64540      1651          0.76927609    1            
1              0.896711701  -1.1136835620  0.78461333   E             0.61757984    13.63932      1515          0.75619071    1            
0              0.288236834  -0.9032498959  0.39634213   E             7.21171166    13.63812       982          0.71948661    1            
0              0.627295802  -0.8149204391  0.57671470   E             3.52429259    13.63806       698          0.76521804    1            
0              1.139264840  -0.7287584825  0.61829544   E             0.50973319    13.63625       692          0.77416335    1            
1             -1.137035728  -0.9614536504  0.58353154   E             6.55379717    13.63578      1684          0.78793272    1            
1              0.781620237  -0.8913018700  0.65449472   E             0.16008707    13.63579       507          0.76597175    1            
1              1.323059481  -0.6079968482  0.60583339   E             1.90097197    13.63526      1438          0.78496197    1            
1              0.834527140  -0.5690188202  0.55858208   E             3.84863813    13.63319       581          0.79273653    1            
0              2.417065093  -0.5297500922  1.04300431   E             0.11777454    13.63239      1700          0.84824749    1            
1             -0.810407608  -0.3518643736  0.46340997   E             4.40650539    13.63102      1122          0.83851834    1            
1              1.488783913  -0.6204701742  0.52988437   E             0.39972603    13.62857      1479          0.76344479    1            
1              1.090541978  -0.8152481141  0.93313843   E             0.26590880    13.62776      1095          0.82264652    1            
1              0.831525545  -0.9778004266  0.70378499   E             1.02738120    13.62760       667          0.76178745    1            
1              0.384015004  -0.4021779174  0.40775426   E             0.74595765    13.62760       667          0.79748975    1            
0              0.050322524  -0.7419190335  0.26316507   E             0.58071251    13.62658       858          0.72255371    1            
1             -0.071924258  -0.3900397890  0.40905778   E             0.22463607    13.62658       858          0.80950441    1            
1             -0.452823643  -0.5215977416  0.23207842   E             2.05684196    13.62096       397          0.76496261    1            
1              0.925272333  -0.6506889515  0.82155821   E             6.36533048    13.62096       397          0.82742915    1            
1              1.884721592  -0.6444631260  0.54945745   E             0.15861322    13.61736       783          0.75368294    1            
1              0.210134723  -0.6100929484  0.54584107   E             0.21831793    13.61726      1443          0.79887924    1            
1             -0.049154582  -1.1501421898  0.42383776   E             2.03557879    13.61622       796          0.69219242    1            
1              1.311356292  -0.3698051550  0.60613771   E             1.96671597    13.61622       796          0.81767678    1            
1             -0.156726899  -1.1117468369  0.61019536   E             0.66198462    13.61368       382          0.74595428    1            
1              0.292542152  -1.0416205565  0.53047273   E             4.35044000    13.61291      1458          0.72717384    1            
0             -0.441544922  -1.0106469791  0.24897345   E             0.53908744    13.61291      1458          0.68562940    1            
1              0.723710675  -1.0755304591  0.72903370   E             0.47928309    13.61080       709          0.75467037    1            
1              1.243107902  -0.5305852173  0.13046986   E             5.28778458    13.60884       769          0.69303191    1            
0              1.430753074  -0.6079649732  0.51566739   E             2.69190829    13.60884       769          0.76383918    1            
0              0.751149499  -0.4779544883  0.74586279   E             1.91849703    13.60373       629          0.83902829    1            
1              0.028310827  -1.1746158167  0.39269025   E             0.15247299    13.60363      1076          0.67742730    1            
1              0.914478719  -0.5593096945  0.35115008   E             0.15817133    13.60363      1076          0.74933360    1            
1             -0.126165204  -1.1822148173  0.34921763   E             3.94071181    13.59787       554          0.66955882    1            
1             -0.639256049  -0.7574498097  0.56006820   E             2.41139487    13.59787       554          0.80050926    1            
0              1.563763152  -0.5833867963  0.56240642   E             0.54184774    13.59692      1241          0.77399639    1            
0              2.323530539  -0.5435009683  0.70798973   E             0.32579360    13.59553      1535          0.79068669    1            
1              1.686616316  -0.6920231797  0.97454672   E             0.64904359    13.59553      1535          0.83264998    1            
1              2.710129923  -0.2284047116  0.91433631   E             0.09317430    13.58973       732          0.85650190    1            
0              2.401177863  -0.2265676915  0.60162358   E             0.26506232    13.58808      1933          0.81222507    1            
1             -0.339157178  -1.0648574333  0.24925241   E             0.11992244    13.58312       381          0.67244823    1            
1              1.719360990  -0.5719742705  0.51782809   E             0.25552740    13.58283       361          0.76252049    1            
0              0.535307525  -1.0240905802  0.47528366   E             4.68013611    13.58035       618          0.71020294    1            
1              1.940508814  -0.6130751736  0.61493773   E             4.02221466    13.58000      1648          0.77104558    1            
0             -0.433874179  -1.1833584924  0.49006364   E             0.90364907    13.58000       558          0.71379082    1            
1             -0.587743826  -0.9915564027  0.22890839   E             5.51627433    13.57824       395          0.68850414    1            
1              1.736188114  -1.0393064313  0.93403112   E             0.16265689    13.57760      1517          0.77777705    1            
1             -0.191442317  -0.6028063228  0.05477952   E             7.17269060    13.57485       744          0.70384103    1            
1              1.003040933  -0.6456514261  0.45405709   E             6.11563874    13.57485       744          0.75574491    1            
1              0.320587359  -0.7577787597  0.69454877   E             3.59058066    13.57286       342          0.80406729    1            
1             -0.370325257  -1.2064002941  0.56956309   E             0.47816204    13.57286       342          0.72681407    1            
0              0.792171298  -0.6259947496  0.55668513   E             0.76629689    13.57286       342          0.78524083    1            
1              0.260191627  -1.2459877722  0.69201782   E             1.70863088    13.57222       200          0.73098031    1            
1             -0.150844985  -0.6251124495  0.26894722   E             5.03181610    13.57047       216          0.74880461    1            
1              0.184090580  -0.9396320237  0.37892975   E             4.55974467    13.57047       216          0.71197645    1            
1             -0.793004420  -1.0566132827  0.40217500   E             1.20510932    13.56412       403          0.72506818    1            
0              0.748663329  -0.7833794867  0.56200572   E             0.02851246    13.56219       923          0.76389326    1            
0             -0.002463103  -0.9123686966  0.49117949   E             4.87348148    13.55853       278          0.74769679    1            
0             -0.577950743  -1.3656567314  0.54558240   E             2.12552128    13.55521       768          0.69915971    1            
0              0.030645401  -1.2525234227  0.74342821   E             7.26342272    13.55440       185          0.74775521    1            
1             -1.708309008  -1.9717152778  0.31762377   E             0.07729214    13.55058       889          0.55383078    1            
1              1.673488128  -0.7805948865  0.54709894   E             0.10633678    13.55045      1212          0.73668598    1            
1              1.361473834  -0.2323428044  0.49255402   E             0.84060414    13.54744       642          0.81426281    1            
1             -0.237466775  -1.1620927657  0.46843638   E             4.36884177    13.54625      1647          0.70662050    1            
0              0.696180894  -0.8584298174  0.78515604   E             0.42080711    13.54613      1551          0.79886932    1            
0             -0.489843316  -1.3595647809  0.47947825   E             1.53576093    13.54426       289          0.68103071    1            
0              1.390519572  -0.6530834017  0.60251626   E             0.13829802    13.54382       842          0.77605799    1            
1              0.709066529  -0.6486209014  0.53693961   E             0.11445917    13.54382       842          0.77999398    1            
1              0.681658025  -0.8392410660  0.55890670   E             4.64182065    13.54110       665          0.75623185    1            
1              0.208285255  -0.8689090433  0.66337083   E             0.10573375    13.54110       665          0.78516322    1            
1             -0.338005051  -0.8805204691  0.42730198   E             0.64629887    13.53814       294          0.74760626    1            
1             -0.303774739  -1.3655062813  0.71489787   E             4.06896584    13.53596      1210          0.73176058    1            
0             -0.008769484  -1.1966274184  0.73646427   E             6.15461813    13.53260       773          0.75618759    1            
0              1.257175984  -0.8948705952  0.70647318   E             4.82321480    13.53260       773          0.76435491    1            
0              1.014895718  -0.6401727507  0.63302977   E             0.11763028    13.53245      1374          0.79291644    1            
0              1.948967855  -1.4263862610  0.75610835   E             0.14981602    13.53224       497          0.66433164    1            
0              1.888147655  -0.4617862120  0.62651217   E             0.04481627    13.53113      1211          0.79651714    1            
0              1.605846121  -0.6319043751  0.52803307   E             0.16846684    13.53113      1211          0.75826990    1            
0              1.405072761  -0.7295897826 -0.48916331   E             0.35198375    13.53007      1396          0.47348927    1            
1              0.555469754  -0.9161414219  0.56253322   E             2.26382570    13.52978       706          0.74806864    1            
1              1.500214229  -0.6699758780  0.90405525   E             0.67673894    13.52978       706          0.82734054    1            
1             -0.035238096  -0.8663042181 -0.10383898   E             5.21337836    13.52810       124          0.60633944    1            
0              0.572842623  -1.0047335287  0.71182928   E             0.47999128    13.52810       124          0.76590267    1            
1             -0.541628411  -0.0231091684  0.35639459   E             2.33612967    13.52758      1348          0.85385392    1            
0             -0.356499728  -1.1342391136  0.67241938   E             0.16581909    13.52757       545          0.76116340    1            
1              0.805966508   0.1500292149  0.53784751   E             0.24473239    13.52600      1125          0.87397734    1            
1              0.073516668  -0.7022614305  0.27308602   E             6.23036537    13.52236       513          0.73095749    1            
1              2.270017253  -0.3715148026  0.37894497   E             0.18215986    13.52169      1922          0.74980202    1            
0              1.734126412  -0.7455209088  0.91562969   E             0.07514901    13.52001       915          0.81500876    1            
0             -0.431751839  -1.2601836233  0.61868091   E             1.05202405    13.51522       439          0.73082096    1            
0             -0.236648158  -1.2952193510  0.76353892   E             0.08299055    13.51436       242          0.75238538    1            
0              0.678535153  -0.7917906623  0.28202806   E             0.40839418    13.51190       658          0.70018332    1            
1              0.706913870  -1.2231372204  0.85254341   E             0.69320766    13.51131       499          0.75854000    1            
0              1.055735603  -0.7452850338  0.53809604   E             1.57345926    13.50980      1117          0.75684258    1            
1              1.128804736  -0.4277273894  0.07056377   E             4.33278937    13.50947      1337          0.70017657    1            
1              1.790156187  -0.5686822202  0.66994421   E             0.40685630    13.50947      1337          0.79215381    1            
1              2.219505562  -0.7377638082  0.83879306   E             0.19666872    13.50625      1657          0.79100512    1            
1              0.129819315  -0.5251843169  0.50057294   E             0.58535491    13.50471       193          0.80378894    1            
1              0.782651088  -0.6960611050  0.82763960   E             1.11384852    13.49754      1539          0.82576461    1            
0              1.765688639  -0.1753962001  0.67496555   E             5.66938307    13.49553       509          0.84341993    1            
0              0.124937933  -1.0722269338  0.39054477   E             4.88969313    13.49553       509          0.69285092    1            
1              1.606361547  -0.2648271294  0.27786897   E             1.87002590    13.49450       898          0.76199763    1            
0              2.478279442  -0.6606199273  0.37353815   E             0.07302039    13.48947      1869          0.69305716    1            
1              2.189034824   0.1044318964  0.72063437   E             2.59246895    13.48766       661          0.87184758    1            
1             -0.041574796  -1.4238145858  0.61908668   E             6.60919049    13.48724      1042          0.69089031    1            
0              0.835588310  -0.9618476254  0.80041279   E             0.84342402    13.48447       755          0.78397974    1            
0              0.870364367  -0.9114239215  0.51927363   E             0.58936145    13.47691       387          0.73051931    1            
0              0.394262875  -1.0592219329  0.18354389   E             0.12512776    13.47538       761          0.63267412    1            
0             -0.130955628  -1.3109758022  0.66027687   E             0.33587826    13.47517      2008          0.72348112    1            
1              2.285267782  -0.2929939216  0.39970490   E             0.23548857    13.47517      2008          0.76620081    1            
0              0.394869257  -0.8991609706  0.56508446   E             0.64838647    13.47471      1040          0.75555796    1            
0              0.201038980  -0.6197000741  0.49526250   E             0.31513443    13.47442       411          0.78801331    1            
1              1.140326010  -1.1065843615  0.80708255   E             0.21483856    13.47163       786          0.75584956    1            
1             -0.354468345  -1.0409894315  0.44833074   E             1.67589997    13.46847       839          0.72622400    1            
0              2.164536957  -0.9132344217  1.22708455   E             0.29577301    13.46447      1618          0.83812537    1            
1              2.611441115  -0.4422889105  0.92514994   E             0.20884001    13.46388      1069          0.83617880    1            
1              1.313660547   0.2136837223  0.36877549   E             3.69685333    13.46243      1908          0.84827388    1            
1              2.036074751  -0.4336163599  0.58008761   E             0.36861184    13.46243      1908          0.78809050    1            
1              0.223353869  -0.8404446661  0.18963543   E             0.56228574    13.46243      1908          0.68182357    1            
1              0.536035184  -1.0563009076  0.69546174   E             0.90178088    13.45995      1627          0.75531309    1            
0              1.273821193  -0.7447367837  0.81524349   E             0.51487588    13.45919      1661          0.80698468    1            
0              0.168142711  -0.8935496951  0.59908755   E             0.43334520    13.45731       628          0.76943397    1            
0              0.560078264  -0.9580264501  0.61002291   E             0.73799007    13.45731       628          0.75167885    1            
0              0.348238416  -0.7429097086  0.43431664   E             1.23549922    13.45731       628          0.75311108    1            
0              0.561745817  -0.3634729945  0.75775170   E             0.42681110    13.45184      1143          0.85688073    1            
0              0.118388998  -1.3747717071  0.74317460   E             0.45019888    13.45184      1143          0.72499896    1            
1              1.742706730  -0.9131477216  0.85940591   E             5.17560262    13.44667      1097          0.78112225    1            
1              1.025416460  -0.5223257667  0.76753570   E             1.58017743    13.43481      1083          0.83199933    1            
0              1.929684880  -0.6771503035  0.77179623   E             0.18444039    13.43239       683          0.79331673    1            
1             -0.003190762  -0.9317104481  0.34952702   E             2.75847877    13.43193       603          0.71169643    1            
1              1.168098344  -0.4383338602  0.38807467   E             0.38288400    13.43108       874          0.76963204    1            
0              1.448307858  -0.6492303514  0.43340367   E             0.13479359    13.43090      1078          0.73875171    1            
1              2.648733660  -0.2370805773  0.58745732   E             0.11418168    13.42625      1400          0.80282596    1            
1              0.394899577  -1.1669798411  0.56259408   E             0.23377243    13.42614      1153          0.71019537    1            
0             -0.029022672  -1.5801474478  0.12602674   E             0.18157803    13.42555       799          0.52247113    1            
1              0.183848027  -0.7002622303  0.33880469   E             0.29141475    13.42438      1311          0.74322630    1            
1             -0.031387565  -1.5219232933  0.75776185   E             6.40944599    13.42371       647          0.70716702    1            
0             -0.352740154  -1.0050140287  0.62715632   E             1.14363981    13.42342       631          0.77136013    1            
1              2.229086411  -0.9907200026  0.96614739   E             0.48669272    13.42280       561          0.77948055    1            
0             -8.767129863  -2.5397520464  0.28377792   E             0.52101614    13.40561       821          0.66466305    1            
0              0.616926656  -1.0472394819  0.81422908   E             4.03072733    13.40539      1864          0.77953048    1            
1              0.127515060  -1.0609278830  0.49162076   E             1.25893122    13.40138      1949          0.71938964    1            
1             -0.182073702  -1.0652628833  0.43890178   E             2.42079500    13.40087      1294          0.71492641    1            
1              1.052491454  -0.6033838979  0.55846035   E             1.82572813    13.40087      1294          0.78266351    1            
